England Rainfall (mm)
Areal series, starting from 1910
Allowances have been made for topographic, coastal and urban effects where relationships are found to exist.
Seasons: Winter=Dec-Feb, Spring=Mar-May, Summer=June-Aug, Autumn=Sept-Nov. (Winter: Year refers to Jan/Feb).
Values are ranked and displayed to 1 dp. Where values are equal, rankings are based in order of year descending.
Data are provisional from January 2017 and Winter 2017.  Last updated 03/07/2017.

     JAN  Year     FEB  Year     MAR  Year     APR  Year     MAY  Year     JUN  Year     JUL  Year     AUG  Year    SEP   Year     OCT  Year     NOV  Year     DEC  Year     WIN  Year     SPR  Year     SUM  Year     AUT  Year     ANN  Year
   159.9  2014   134.8  1923   149.3  1947   136.5  2012   126.5  1967   147.9  2012   128.6  2009   170.5  1912   169.3  1918   164.8  2000   174.5  1929   179.0  1914   401.4  2014   284.7  1979   377.4  1912   437.5  2000  1126.1  2012
   156.9  1948   127.9  1990   136.7  1981   130.2  2000   119.7  1932   146.0  2007   126.4  1936   156.8  1917   139.6  1976   164.5  1960   170.8  2009   168.4  1915   392.7  1915   277.4  1981   350.9  2012   397.7  1960  1093.3  2000
   142.7  1995   126.4  1950   115.3  1979   116.5  1998   117.6  1924   121.2  1997   125.1  2007   147.7  2004   137.9  1968   151.8  1967   168.4  1940   165.5  1929   363.3  1990   273.6  1947   325.5  2007   377.9  1935  1070.9  1960
   142.7  1939   123.6  2014   108.7  1919   107.1  1920   108.2  1979   116.2  1912   123.0  1920   145.7  1956   136.6  1927   150.9  1987   167.8  1951   160.2  1934   360.3  1995   265.2  1983   308.3  1956   355.0  1976  1017.7  1912
   141.8  1928   122.3  1937   108.6  1912   100.2  1983   107.1  2007   115.6  1982   120.3  1988   127.0  1946   129.3  1974   143.7  1998   157.8  2000   160.1  1911   339.0  1916   250.8  1932   307.3  1931   344.6  1944  1006.6  2002
   139.0  1988   121.5  1977   105.3  1914    94.8  1966   105.9  1983   115.2  1980   119.9  1915   120.8  1927   126.7  1981   141.4  1932   154.0  1970   154.2  1978   338.2  1960   250.0  1920   303.1  1927   344.2  1954   993.8  1951
   136.3  1943   121.2  1916   102.2  1951    91.3  2001   103.5  1969   114.9  1998   115.9  1939   120.0  1951   126.6  1965   141.1  1949   151.7  1954   150.5  1959   331.1  2016   249.4  1913   286.9  1958   329.6  1974   992.3  1954
   130.6  1984   120.6  2002    99.3  1916    91.0  1935   100.9  2006   105.7  1958   113.7  2012   116.2  1954   123.1  1935   139.2  1976   147.5  1926   148.9  2012   323.6  1994   246.1  2000   282.8  1917   321.9  1984   989.9  1927
   129.1  2008   116.6  1915    98.1  1913    89.4  1913    95.7  2014   101.1  1987   113.0  1922   112.4  1992   115.5  1946   136.9  2013   145.9  1946   142.8  1993   319.3  1937   246.0  1951   279.8  1954   315.4  2012   984.5  2014
   124.7  2016   113.7  1966    91.8  2008    88.1  1993    94.9  1955    94.6  2016   107.5  1960   111.3  1931   114.9  2000   131.3  2004   142.2  2002   142.4  1979   317.2  1912   233.6  1937   278.8  1946   312.4  1940   982.1  2008
   116.5  1999   107.2  1925    91.2  1963    87.1  1961    94.2  1925    91.9  1971   106.7  1940   110.4  1941   114.7  1950   129.6  1928   141.5  1963   142.2  1965   307.1  1966   232.2  1998   270.5  2004   310.2  1929   965.1  1924
   116.4  1937   105.3  1958    91.0  1980    86.9  1931    90.7  1942    91.7  1927   105.8  1931   109.8  1986   110.4  1957   122.9  2002   140.3  1944   135.4  1999   305.2  1930   228.9  1986   265.6  2008   307.2  1967   962.9  1946
   115.7  1960   104.4  1951    90.5  1982    79.3  1989    84.9  2002    90.2  1931   105.5  1918   109.6  1950   109.2  1993   122.5  1916   137.2  1950   134.0  2015   299.0  2007   225.1  1969   261.4  1980   304.7  1998   954.3  1998
   115.1  1930   100.2  1997    90.4  1988    78.8  1986    83.3  1981    89.4  1991   104.7  1930   107.5  2014   108.0  1995   122.3  1923   137.1  1939   129.6  1919   297.3  1923   224.3  2006   256.6  1960   299.7  2002   947.6  1958
   113.1  2004    99.0  1995    87.6  1964    78.0  2004    82.3  2000    89.1  1936   101.5  1924   107.3  1948   106.5  1999   119.7  1935   135.0  1935   124.6  1910   296.5  1977   221.2  1967   255.0  1985   298.9  1930   947.2  1930
   112.9  1990    98.5  1910    87.5  2001    77.8  1970    80.4  1931    88.9  1928   100.5  2008   106.0  2008   105.4  1984   119.6  2001   131.1  1984   122.5  1989   294.6  1939   218.7  2001   252.4  1997   296.9  1981   942.0  1916
   112.4  1936    94.0  1974    86.2  1937    76.2  1932    79.9  1986    87.6  1935    98.6  1957   101.9  1962   104.2  1958   119.3  1924   130.1  1960   122.4  1986   293.2  1980   218.3  2008   248.0  1966   296.8  1946   936.1  1966
   110.9  1919    93.8  2007    83.9  1941    74.6  1922    79.7  2015    86.7  1985    95.5  1968   101.8  1930   103.2  1960   118.9  1980   123.3  1992   121.6  2002   292.0  1935   218.3  1924   248.0  1950   293.9  1927   934.5  2007
   110.5  1913    91.1  1941    82.9  1998    73.3  1937    78.7  1993    85.6  1948    95.2  1956   101.7  1985   101.4  1930   118.1  1917   121.6  1969   119.5  2000   286.7  1925   217.0  2012   246.9  1936   292.7  1918   922.9  1999
   109.6  1956    90.8  2001    81.0  2006    72.7  1959    77.5  1951    84.5  2017    94.3  1950   101.7  1960   100.1  1944   116.9  1938   119.2  2012   118.6  1994   286.1  1979   209.6  1963   245.8  1924   289.8  1950   920.7  1928
   109.0  1994    90.5  1935    80.5  1987    72.5  1947    76.2  1958    82.1  1999    94.1  1965   101.5  1971    98.6  1924   114.5  1939   117.7  2015   117.9  2013   285.8  1928   205.7  1916   245.3  1939   289.4  1992   918.8  1939
   108.7  1986    89.3  1933    77.9  1927    71.5  1963    75.7  1943    81.5  1954    93.7  1932   100.8  1910    98.0  1994   114.0  1966   116.9  1931   113.3  1985   284.5  1919   203.2  1964   245.1  1910   288.4  1982   917.8  1910
   108.4  1974    86.9  1957    77.6  1989    69.1  1934    75.6  1945    79.4  1977    90.7  1912    99.3  1966    96.9  1975   112.1  1929   116.8  1996   109.4  2006   282.4  1984   200.9  1994   244.7  1922   287.7  1949   915.7  1950
   107.9  1975    83.7  2000    77.5  2016    68.2  1992    74.1  1937    78.9  1968    90.5  1927    98.3  1999    96.3  2008   109.8  1982   116.1  1930   108.4  1924   280.4  2001   198.5  1972   243.4  1957   286.2  1924   909.3  1935
   104.5  1961    82.1  1922    77.4  1994    68.1  2005    73.6  1954    77.3  1946    89.4  1953    97.3  2010    90.6  1962   108.3  1954   115.1  1974   108.3  1922   271.1  1948   197.8  2014   243.1  2009   285.8  1968   907.7  1923
   102.5  1998    81.2  1967    75.3  1920    68.1  1953    73.0  1973    77.2  1966    89.4  1914    96.8  1957    90.4  1925   108.0  1981   110.9  1982   105.6  1918   270.2  2013   193.4  1919   241.3  1930   283.6  1939   907.7  1915
   102.4  1978    80.9  1980    75.1  1992    68.0  1999    71.2  2013    75.5  1963    89.2  1958    96.2  1963    88.8  2012   107.4  2012   109.9  1910   103.9  2011   270.2  1936   191.3  1966   239.0  1987   282.4  1938   907.1  1974
    99.8  1912    77.9  2011    74.7  1978    67.8  1924    68.6  1968    74.5  1955    84.8  2002    95.4  1952    87.6  1967   106.5  2006   109.0  1959   103.1  1938   269.8  1961   191.3  1925   238.3  1968   280.6  1932   906.7  1965
    99.4  1926    76.8  1946    74.6  1975    67.5  1925    68.6  1946    74.4  1926    83.6  1973    94.0  1922    86.9  1983   106.4  2005   108.0  1938   102.0  1912   268.9  1920   191.0  2016   233.9  1971   279.7  1987   901.3  1994
    99.4  1922    76.7  1914    71.9  1940    67.1  1930    67.6  1920    74.1  1945    82.0  1954    92.4  2015    86.7  1992   104.1  1944   106.7  1916   101.7  1960   267.3  1943   190.3  1993   233.6  1948   279.4  1923   899.2  1981
    99.3  1970    76.3  1989    71.3  1928    66.5  1950    67.1  1972    73.0  1964    79.8  1910    92.3  1977    85.8  1932   103.0  2014   104.6  2014   101.1  1983   264.8  2000   188.6  1999   231.3  1988   278.3  1926   896.6  1967
    98.8  1920    74.6  1970    70.6  1972    66.3  1951    66.9  1997    73.0  1911    79.7  1992    92.1  1958    85.7  1998   102.3  1961   104.3  1986    97.9  1948   263.1  1974   187.6  1992   230.0  1953   277.7  1916   893.1  1979
    98.6  1962    74.1  1996    70.4  2017    64.8  1926    66.5  1938    70.1  2011    79.5  2015    89.2  2012    85.6  1936    99.7  1945   104.0  1911    97.5  1966   261.0  1958   187.0  1931   227.3  1992   276.2  2006   893.1  1931
    97.1  1915    73.8  2010    70.3  1986    64.4  2008    66.1  2003    68.9  1972    78.8  1938    88.4  2006    84.3  1952    97.0  1952   102.9  1914    97.3  1997   260.9  1978   185.5  1942   226.7  1928   273.0  2008   891.8  1986
    96.7  1971    73.6  1978    69.6  1933    64.4  1994    64.4  1966    67.4  1956    78.4  1978    88.3  1916    84.2  1954    96.7  1940   102.3  1928    96.4  1956   258.5  1926   185.4  1985   226.5  1982   271.6  1951   891.7  1968
    96.6  1921    73.1  1954    69.3  1969    63.5  1910    64.4  1916    66.6  2003    75.1  1993    87.7  1974    81.6  1956    95.6  1913   101.4  1997    96.3  1958   253.2  2008   185.0  1987   225.9  1965   268.6  2009   891.5  2004
    96.5  1993    72.5  2016    69.0  1954    63.1  1923    64.2  1910    65.9  1990    74.5  1946    87.2  1923    78.8  2001    94.9  2008   100.9  1949    96.1  1955   252.8  2004   182.4  1952   223.4  1915   268.1  1952   889.7  1993
    96.2  1938    72.0  1960    68.7  1952    62.7  2016    64.0  1948    64.6  1910    71.6  1987    87.2  1921    78.6  2010    94.6  1925   100.0  1965    95.5  1972   252.2  1970   182.2  1930   223.2  1963   265.8  1970   885.6  1914
    95.8  2007    71.8  1994    67.4  1977    62.2  1975    63.9  1926    63.8  1917    71.5  1966    85.7  1928    78.0  1943    91.8  1990    99.1  2016    93.4  2009   251.9  1922   181.7  1968   221.9  1920   263.5  1993   882.6  1937
    93.8  1972    71.6  1931    66.6  1999    62.0  1973    63.3  1985    63.7  1965    71.2  1923    85.4  1924    75.2  1923    91.7  1933    96.1  2006    91.6  1982   250.1  1951   180.5  1988   215.9  1974   261.9  1963   875.0  2009
    92.5  1942    71.1  1927    66.3  1934    61.9  1962    62.6  1923    63.3  1947    69.7  1941    85.2  1997    74.4  1922    90.5  1912    93.9  2003    91.5  1937   248.2  1988   180.2  1975   214.2  1998   261.7  1928   874.8  1936
    91.5  2015    70.6  1926    65.8  1965    61.8  1985    62.1  2008    63.0  1953    68.5  1942    84.2  1979    74.1  1953    89.7  1942    93.5  1936    90.7  2003   248.0  1957   178.8  1965   213.1  1941   261.4  1994   873.3  1980
    91.1  1959    70.3  1936    65.7  2013    61.4  1964    61.9  1913    61.4  1916    68.3  1944    83.3  1980    73.7  1951    88.9  1993    92.0  1972    90.4  1942   244.5  1913   178.7  1941   208.9  1938   257.4  1980   871.8  1918
    90.4  1977    68.5  1945    65.6  1991    61.2  1979    61.2  1915    60.7  1974    67.9  2001    79.7  1938    73.6  2006    87.7  1994    91.4  2010    89.9  1961   241.6  2002   178.4  1914   207.5  2011   256.7  2013   868.7  2015
    88.5  1965    68.0  1919    62.4  1959    60.8  1972    60.1  1962    60.7  1944    67.8  2003    79.6  1942    70.2  1973    86.7  1910    91.0  1927    89.6  1923   241.4  1999   177.9  2002   207.3  2015   256.2  2001   866.1  1982
    87.1  1983    67.7  1972    62.4  1917    60.7  1968    60.0  1952    60.1  1939    67.5  1974    78.8  2001    69.5  1961    86.4  1986    89.7  1977    89.3  1951   239.9  1986   176.2  1989   205.7  2014   255.3  1965   862.8  2001
    84.9  1969    67.4  1928    62.0  1922    60.2  1939    59.5  1984    59.9  1973    67.0  1925    78.2  1925    69.5  1931    85.4  1984    86.7  1952    88.5  1990   238.9  1941   173.9  2007   205.3  2002   251.5  1925   861.7  1948
    83.3  1951    65.5  1940    61.5  1995    59.8  1991    59.2  1994    59.1  2008    66.8  2004    78.1  2011    67.6  1982    85.2  1974    84.4  1991    88.5  1925   238.8  1946   173.3  1934   204.0  1999   244.4  2005   859.9  1992
    82.9  1918    63.7  1961    61.1  1971    59.6  1987    59.0  1949    58.9  1924    66.6  1985    77.6  1982    66.9  1948    84.4  1968    82.8  1913    88.2  1916   238.0  2003   172.8  1923   201.6  1944   243.5  1911   859.1  1925
    82.9  1910    62.6  1969    60.3  1985    59.6  1949    57.9  2017    58.6  1993    66.2  1970    77.6  1953    65.0  1963    83.2  1911    82.6  1971    87.5  1946   237.3  1950   172.1  1912   200.6  1945   243.2  2010   854.5  1920
    82.3  2009    62.0  2017    60.0  1984    59.5  1919    57.6  1976    58.4  1978    65.5  1969    77.4  1943    63.1  2005    83.1  1989    81.9  1923    87.5  1935   234.6  2010   171.9  1955   200.4  1926   237.7  1913   852.2  1922
    82.2  1958    58.1  1991    59.7  1957    57.4  1981    56.3  1965    56.0  2004    64.7  1947    74.9  1919    62.8  2016    82.6  1988    81.8  2008    87.2  1945   234.3  1967   170.8  1917   200.4  1914   237.4  1936   847.7  1919
    82.2  1924    57.9  1955    59.1  1983    56.7  1965    56.3  1917    55.9  1920    64.5  1926    74.8  1996    62.2  1934    81.4  1930    78.6  1980    86.4  2007   231.2  1956   168.7  2004   200.0  1973   235.0  1999   846.7  2006
    81.6  2003    57.6  1988    59.1  1930    55.9  1918    56.1  1941    55.3  1914    63.7  1961    73.6  1988    61.3  1970    80.9  1926    77.7  1979    85.3  1981   228.2  1991   168.3  2013   199.8  1916   234.6  1966   835.7  1977
    81.6  2002    57.6  1979    58.7  2010    55.0  1927    56.0  1930    55.1  2009    63.2  2005    73.6  1970    60.6  1942    79.4  1992    76.6  1941    85.1  1964   226.1  1931   167.8  1922   199.3  1951   234.2  1957   834.5  1987
    81.5  1991    57.6  1911    57.6  1942    54.5  1940    55.8  1912    55.0  1943    62.9  1980    73.5  1961    60.1  1920    76.4  1943    76.1  1976    85.0  1930   221.2  1962   166.1  1927   198.4  2016   231.0  2004   830.7  1932
    80.1  1941    57.3  1912    56.1  2007    53.7  1944    55.6  1953    54.4  2002    62.8  1991    73.1  1915    60.0  1980    76.2  1959    75.7  1994    84.9  1977   220.7  1911   164.0  1940   198.1  1986   229.3  2015   828.8  1988
    79.3  1927    56.2  1918    55.8  1911    53.6  1952    54.2  2009    53.7  2005    62.2  1917    72.7  1934    59.3  1913    75.3  1958    75.4  1998    84.6  1976   220.5  1969   161.7  2005   198.0  1978   228.2  1958   823.3  1984
    79.2  2013    52.7  2009    55.6  1970    53.0  2014    54.2  1964    53.3  1933    62.1  1929    72.6  1944    58.4  1945    74.5  1941    74.9  2005    83.8  1954   219.1  1998   161.6  1978   194.9  2010   227.5  1995   822.5  1944
    78.7  2011    52.6  2015    54.9  1932    52.4  1969    54.0  2012    52.6  1989    61.2  1945    71.3  1967    58.4  1937    74.4  1937    73.6  1966    83.6  1920   218.8  2015   161.4  1977   194.7  1977   225.8  1961   822.4  1970
    76.4  1955    52.6  2006    54.3  1936    52.1  1917    54.0  1999    51.9  1969    61.1  2010    69.2  1939    58.1  1991    73.6  1999    72.8  1995    81.5  1998   218.2  1955   161.2  1962   191.7  1918   222.9  2014   821.2  1926
    75.7  1932    51.0  1987    53.8  1939    48.5  1971    53.3  1918    50.4  1938    60.7  1937    68.1  1965    57.6  1987    73.2  2010    71.2  1987    80.6  1936   216.8  1938   159.8  1959   187.8  2001   221.2  1917   820.6  2016
    74.9  1946    50.8  1984    52.5  1968    48.4  1948    52.7  1933    49.8  1952    60.5  1959    67.1  1929    57.6  1938    73.2  1934    70.0  2007    79.2  1952   215.2  1983   156.5  1933   184.3  1969   219.1  1996   816.6  1940
    74.5  1945    49.1  1947    51.7  1921    46.4  2002    52.6  1988    48.0  1957    60.5  1919    66.9  1969    56.2  1911    72.9  1996    69.4  1985    78.7  1995   209.1  1996   156.3  1970   182.9  1993   217.6  1931   814.9  1957
    74.3  1979    49.0  2004    51.3  1967    46.2  1977    51.8  1947    47.3  1960    59.7  1975    66.3  1987    54.8  1933    72.5  1983    69.1  1912    78.3  1969   208.3  1945   155.9  1973   182.7  1943   215.8  1986   813.9  2013
    74.3  1952    48.7  1939    49.2  1955    46.0  1936    51.1  1950    46.3  2014    59.4  2011    66.1  2002    54.5  2011    68.4  1955    68.4  1919    76.5  1927   208.0  1947   155.9  1954   179.0  1970   215.4  1943   811.6  1969
    72.8  1944    48.2  1981    49.1  2014    45.2  1978    51.0  1929    44.1  1950    58.8  2000    66.1  1994    53.9  1988    68.1  1948    68.3  1924    76.1  1928   203.4  1975   155.7  1949   178.1  1991   212.2  1910   808.5  1938
    71.5  1947    46.1  1953    48.5  2015    44.4  1946    50.8  2016    43.7  1981    55.8  1933    65.2  1945    53.2  2004    67.8  2009    68.2  1947    75.3  1949   201.5  1987   154.8  1971   176.9  1923   209.2  1912   806.9  1978
    71.2  1925    45.9  2005    48.4  2005    44.0  1911    48.3  2011    42.4  1984    55.4  1967    64.1  2016    53.1  2013    67.4  1979    67.8  1967    74.7  2014   197.8  2012   154.5  1910   176.7  1952   208.1  1914   806.1  1929
    70.5  1934    43.6  1968    48.1  2004    43.4  1996    47.8  1977    42.0  1959    55.3  1962    63.9  1968    51.2  2015    66.4  1953    67.3  1915    73.5  1957   196.7  1959   154.0  2015   174.8  2005   205.7  1991   802.7  1952
    70.1  2001    43.3  1999    47.1  1923    43.4  1967    47.7  1996    41.7  1934    55.1  2013    61.5  1926    51.1  1978    66.4  1927    66.7  2013    73.0  1968   196.2  1972   153.4  1950   173.0  1961   205.7  1983   801.5  1917
    69.8  1980    43.1  1948    46.6  2002    42.5  2006    46.9  1963    41.5  2000    54.0  1998    61.2  1978    50.2  1917    66.4  1915    66.6  1925    71.8  1992   196.1  1924   152.8  1982   172.5  1962   202.1  1953   797.2  1985
    69.5  1931    42.0  2013    46.4  1960    42.1  1916    45.3  1921    41.5  1929    53.7  1949    60.5  2000    49.9  1926    66.1  1957    65.4  1993    71.0  1947   193.4  2009   150.9  1926   171.5  1932   198.6  2016   792.0  1961
    69.3  1968    40.9  1982    44.6  1958    40.1  2003    45.2  2005    41.1  2001    52.2  1928    59.4  2009    49.5  1912    65.6  1971    65.2  1975    70.4  1921   192.2  1982   148.7  1958   170.7  1929   196.3  1990   791.0  1956
    68.3  1985    40.5  1943    42.1  1974    40.1  1960    45.2  1971    39.6  1986    51.9  2014    58.9  2013    48.5  1916    63.2  1991    64.4  1962    68.9  1984   192.2  1933   148.1  1946   167.3  1935   193.1  1959   789.4  1983
    67.5  2010    40.5  1920    41.4  1976    39.7  2009    44.9  1987    39.3  1937    51.9  1981    58.1  1918    47.6  1919    62.8  2011    63.5  1968    68.9  1980   191.7  2011   147.2  2017   167.1  1942   192.8  1997   785.4  1913
    66.1  1982    40.3  1992    41.0  2009    38.8  1941    44.3  1992    39.2  1970    51.6  1972    58.0  2005    47.4  1940    62.7  1919    62.3  1981    68.3  1974   189.7  1965   146.9  1928   167.1  1919   192.7  1975   779.9  1963
    64.7  1957    38.5  1944    39.2  1962    38.5  1945    43.4  1975    38.6  1967    51.5  1963    57.4  1935    47.3  1955    62.6  1918    61.6  1953    67.8  1940   188.7  1921   145.6  1948   165.9  1964   192.2  1942   776.6  1941
    63.9  2017    38.3  1949    37.6  1996    37.9  1956    43.2  1995    37.7  1922    50.3  1943    56.6  1973    47.0  1966    62.3  1997    60.9  1943    66.1  1967   185.6  1952   145.4  1953   165.3  1967   191.9  1933   773.3  1997
    63.9  2012    37.7  2008    37.1  1949    37.6  1988    43.0  1957    37.4  1988    50.2  1916    55.7  1914    46.6  1990    61.6  1914    60.8  1918    65.3  1962   182.7  1940   145.3  1939   160.8  2000   191.0  1934   772.7  1911
    63.9  1940    36.9  1976    35.7  1950    37.6  1928    42.7  1914    36.7  1979    48.7  1986    54.3  2007    45.7  1949    60.5  2015    59.7  1921    65.2  1944   182.0  1993   144.7  1935   157.5  1934   189.1  1962   768.8  1972
    59.9  1933    36.5  1983    35.1  1946    37.2  1942    42.6  2004    36.6  2010    47.8  1951    54.0  1984    45.6  1947    59.8  1920    57.9  1990    62.5  1950   179.8  1918   144.3  1945   154.2  2006   184.6  1948   763.6  1934
    58.6  2005    36.3  1973    34.6  1915    36.2  1990    41.9  1982    35.9  1961    46.0  1997    51.4  1989    44.1  2007    58.3  1936    57.7  2001    61.6  2005   179.1  1968   142.7  1918   153.2  1979   182.7  1977   756.8  1942
    58.3  1917    34.8  2003    33.7  2000    34.5  1943    41.7  1978    35.7  2013    45.6  1964    50.3  1911    43.6  1914    57.6  1977    57.6  1957    60.6  1973   175.2  1971   139.0  1991   153.0  1972   181.0  1979   755.7  1943
    56.3  1996    32.6  1962    33.5  1918    34.2  1933    40.7  1960    35.4  2015    43.0  1934    49.3  1949    41.5  1985    55.4  1963    56.0  1955    59.1  2004   174.3  1949   138.9  2003   150.9  2003   180.6  1988   750.2  1945
    55.6  1967    32.1  1913    33.2  1948    33.3  1915    39.8  2001    35.2  1992    41.9  1994    49.2  1993    39.4  1915    53.8  1964    55.6  1934    58.4  2008   174.1  1917   136.4  1911   149.7  2013   180.0  1937   747.0  2005
    55.5  1954    31.1  1971    32.9  1924    31.4  2013    38.0  1928    34.9  1930    41.8  2006    48.2  1975    38.8  1969    52.6  1956    54.9  1999    53.2  1939   173.1  1973   135.1  1961   149.5  1925   178.9  2003   743.6  1990
    54.4  1976    30.0  2012    32.7  2003    31.2  1921    37.9  1934    34.6  1913    40.8  1948    47.3  1964    38.3  1972    52.0  2003    54.0  1961    51.6  1987   172.0  1927   134.9  2009   142.9  1940   178.7  1919   741.7  1995
    54.3  1923    30.0  1963    32.2  1966    30.5  1914    37.5  1940    32.9  1941    40.5  1971    46.5  1932    37.3  1989    50.5  1970    53.3  1932    51.4  1996   170.9  1981   134.9  1980   140.6  1996   176.4  1969   740.6  1959
    53.8  1981    29.1  1942    30.2  1945    30.3  1929    36.6  1911    32.2  1983    39.7  2016    45.4  1998    35.9  1979    49.1  1973    52.9  1917    49.2  1913   169.0  1914   133.4  1943   139.8  1989   175.1  1945   736.2  1947
    51.2  1966    29.1  1938    29.5  1925    27.9  1958    35.7  1974    31.7  1919    39.4  1996    43.0  1920    35.4  1977    46.6  1995    52.1  1989    47.5  1943   166.4  1942   129.7  1984   139.7  1947   173.1  1915   727.2  2010
    49.4  1916    29.0  1964    28.2  1956    27.8  1955    35.4  1944    31.6  1994    35.8  1989    42.6  1990    34.9  1921    46.4  1921    51.5  1964    47.4  1970   165.8  1997   129.2  1995   139.6  1994   172.5  1989   726.0  1989
    45.7  2000    27.7  1917    27.3  1997    25.8  2015    34.5  1961    31.5  1951    35.4  1983    41.8  1981    34.7  2002    45.0  2007    49.9  1978    44.9  1991   163.5  2005   129.1  1915   139.3  1990   171.8  1955   721.8  1971
    44.7  1929    27.3  1975    26.8  1910    24.5  2010    33.1  1927    31.4  1932    33.6  1995    39.4  1913    33.1  2003    39.6  1985    49.6  1948    44.8  1941   161.9  1985   128.7  1996   138.7  1937   170.5  1971   721.4  1976
    43.6  1992    25.9  1929    26.5  2012    24.5  1995    32.8  1998    30.4  1915    33.2  1982    38.7  1937    32.0  1939    37.9  1950    48.8  1958    43.8  1975   161.4  2017   128.1  1921   138.4  1933   168.8  1941   719.4  1962
    43.0  1914    25.5  1956    23.5  1993    22.2  1997    31.3  1939    28.1  1918    32.5  1913    34.2  1959    31.5  1964    36.7  2016    48.6  2011    43.0  1932   160.6  1954   127.2  1960   137.5  1981   165.9  2011   716.6  1949
    41.3  1973    24.7  1985    23.2  1943    20.3  1982    31.3  1922    26.4  1996    32.3  1979    32.5  1972    30.0  2009    35.3  1946    47.2  1937    40.7  1917   158.8  1944   127.2  1936   136.8  1959   163.7  1973   713.1  2011
    41.3  1935    24.7  1930    23.0  1935    19.0  2017    30.6  1935    24.1  2006    31.6  1952    31.4  1936    29.8  1928    34.1  1962    46.5  2004    40.0  1931   154.9  1989   117.8  1976   136.6  1911   163.3  1956   707.3  1991
    38.7  1989    24.3  1924    22.1  1926    18.8  1976    29.5  2010    21.5  1995    30.8  1990    29.2  1933    29.4  1996    31.8  1922    46.3  1983    39.9  1988   154.5  1953   116.4  1997   128.7  1955   160.4  1972   702.8  1955
    38.4  1911    22.0  1952    21.8  1953    16.7  1980    27.2  1980    20.0  1940    29.0  1976    26.5  1976    29.0  1997    31.3  1931    45.4  1933    39.4  2001   146.7  1929   112.7  2010   127.4  1975   159.7  1920   684.9  1953
    38.1  1949    19.2  1998    20.9  1973    13.3  1954    26.9  1936    19.5  1975    27.6  1955    26.5  1955    25.0  1986    30.7  1975    44.4  1973    35.5  2016   144.2  2006   112.1  1957   122.3  1921   159.2  2007   679.3  1975
    35.6  1950    17.9  1986    20.1  1990    13.1  1974    25.2  1919    19.0  1942    25.1  1984    26.3  1983    23.7  1929    30.1  1972    44.0  1988    35.1  2010   135.1  1976    99.7  1944   121.5  1949   150.6  1985   675.8  2003
    30.0  2006    16.1  1965    19.7  1931    11.6  2011    24.7  1959    18.5  1949    24.9  1921    25.9  1991    22.3  1971    30.1  1951    43.7  1922    34.7  1971   128.7  1992    90.9  1974   121.4  1984   149.9  1922   670.3  1996
    29.2  1953    13.7  1993    19.3  2011    10.7  2007    22.8  1970    18.5  1923    23.7  1999    16.5  2003    17.7  1941    28.8  1965    41.9  1942    32.0  1953   124.9  1932    89.1  1929   106.5  1913   141.0  1921   657.8  1973
    28.2  1963    11.1  1934    15.6  1938    10.2  1984    22.4  1990    17.2  1976    23.0  1977    16.1  1940    15.7  1910    17.6  1947    39.9  1920    27.1  1963   123.6  1963    88.7  1938    93.8  1983   136.8  1964   657.5  1933
    28.1  1987     9.4  1959    13.6  1961     9.4  1957    21.7  1956    15.2  1962    22.4  1935    11.8  1947    15.3  2014    16.2  1978    29.2  1956    21.7  1926   103.1  1934    87.9  1956    72.7  1976   131.4  1947   645.3  1964
    25.4  1964     9.2  1932    10.6  1944     7.8  1912    19.3  1989    10.3  1921    13.2  1911     9.6  1995     7.9  1959    15.9  1969    17.0  1945    21.5  1933    81.4  1964    79.2  2011    64.7  1995   117.1  1978   567.0  1921
    14.2  1997     8.5  1921     7.8  1929     6.7  1938    13.6  1991     4.3  1925                                                                                                      78.7  1990
