Scotland Rainfall (mm)
Areal series, starting from 1910
Allowances have been made for topographic, coastal and urban effects where relationships are found to exist.
Seasons: Winter=Dec-Feb, Spring=Mar-May, Summer=June-Aug, Autumn=Sept-Nov. (Winter: Year refers to Jan/Feb).
Values are ranked and displayed to 1 dp. Where values are equal, rankings are based in order of year descending.
Data are provisional from January 2017 and Winter 2017.  Last updated 03/07/2017.

     JAN  Year     FEB  Year     MAR  Year     APR  Year     MAY  Year     JUN  Year     JUL  Year     AUG  Year    SEP   Year     OCT  Year     NOV  Year     DEC  Year     WIN  Year     SPR  Year     SUM  Year     AUT  Year     ANN  Year
   293.8  1993   278.1  1990   238.5  1994   191.1  1947   191.4  2011   157.9  2017   185.6  1940   216.5  1985   267.6  1950   258.1  1935   262.0  2009   328.2  2015   746.3  2016   409.5  1986   455.6  1985   661.2  1981  1886.4  2011
   292.2  1928   258.8  1997   233.4  1990   149.0  1910   168.7  1986   155.0  1938   181.4  1988   211.9  1992   221.2  1981   254.0  1954   244.8  1938   300.7  2013   743.6  2014   403.1  2015   435.6  1948   633.8  1954  1853.5  2015
   275.6  2008   244.7  2002   201.3  1992   146.8  1934   155.9  1925   137.9  2002   170.1  1939   202.3  2009   193.9  1982   248.8  2014   242.2  2006   268.5  1986   649.5  1995   393.7  1994   427.8  2009   615.8  1938  1828.1  1990
   253.8  2016   227.9  1989   200.2  1967   142.1  1949   151.8  2015   137.8  1948   165.8  2010   191.4  1962   189.7  2011   247.7  1938   241.5  2015   267.2  1929   645.4  2000   393.2  1967   422.6  1956   594.5  1935  1756.8  2014
   252.3  2015   224.9  2014   180.2  1979   133.5  1950   137.4  2003   137.7  1931   162.9  1956   190.3  2014   189.7  1927   242.3  1983   231.3  1917   265.4  2011   638.3  2007   391.7  1992   397.0  2004   590.6  1982  1735.8  1938
   246.2  1974   195.6  1995   180.0  1989   132.9  1932   129.7  2007   135.0  1966   159.9  1985   189.1  2004   189.6  1985   240.9  2001   229.9  1981   264.0  2006   608.9  1990   389.1  1913   390.1  1938   589.2  2006  1720.0  2008
   245.0  1975   194.8  1998   179.6  1921   132.3  1927   129.6  1920   131.7  2004   158.0  1953   188.8  1948   187.5  1935   238.1  2008   224.9  1951   261.0  1912   596.2  2015   386.5  1947   387.5  2012   587.8  1984  1716.5  1954
   241.9  2005   191.5  2000   174.4  1913   130.6  1925   124.2  1916   130.4  1980   154.6  2009   187.3  1930   184.4  1980   236.4  1917   223.2  1986   260.8  1949   580.6  1920   378.0  1990   383.1  2007   586.1  1917  1696.7  2004
   241.7  2007   188.0  1920   172.5  2015   126.8  1977   123.6  1945   126.6  1928   151.6  2015   184.9  1910   183.3  1995   234.8  1967   221.5  1984   260.7  1999   579.0  2008   376.0  2011   382.7  1946   577.9  2011  1692.9  1948
   237.9  1990   176.1  1918   166.4  1978   126.4  1994   123.4  1954   126.2  2012   150.9  1957   183.2  1923   181.7  1978   230.6  1916   217.4  1982   243.0  1974   576.0  2002   375.3  1925   378.0  1998   557.1  2009  1690.4  2009
   234.6  1983   167.9  1945   165.5  2008   125.1  1951   123.3  1922   125.1  1912   150.5  1946   175.5  1989   180.0  1946   227.7  1998   215.8  1947   234.0  1966   566.8  1989   364.5  2006   377.2  1957   543.2  2000  1686.1  1928
   231.6  1932   167.6  1939   163.9  1986   123.8  2004   122.0  2009   123.5  1927   149.9  1936   170.3  1956   176.9  1918   225.3  2000   215.4  1991   233.9  1994   560.9  1916   359.3  1920   376.2  1988   542.0  1950  1683.6  1998
   227.5  1962   167.6  1915   163.4  1988   122.7  2005   121.9  1958   122.8  1990   145.0  1938   165.4  1943   176.4  2004   220.9  1996   213.3  1954   228.0  1914   555.7  2012   356.5  1979   373.8  1950   536.5  1980  1672.8  1999
   224.0  1921   166.7  2011   154.9  1983   120.6  1943   119.6  1924   116.7  1944   144.7  1998   164.8  1988   175.2  1948   219.7  1995   212.0  1939   227.0  1921   552.2  1937   352.2  2005   368.9  1924   529.9  1977  1670.7  1992
   220.4  1938   165.4  1992   150.5  1982   119.5  1919   119.0  2013   115.1  1991   144.0  1924   163.6  2011   170.8  1924   214.5  1932   211.8  1940   225.3  1955   546.5  2005   351.9  2009   368.6  1980   524.4  1995  1657.1  2006
   220.1  1995   165.4  1916   149.8  1987   119.2  1915   118.9  1967   114.4  1919   143.3  1959   162.1  1941   169.7  1975   214.0  1943   209.9  1979   224.9  1993   542.6  1915   346.7  1963   368.4  1923   523.3  1970  1631.0  2000
   218.0  2014   165.3  1911   149.0  2009   117.4  1972   117.8  2006   114.0  1965   143.2  1970   158.6  1929   167.4  1992   210.1  1981   209.0  1977   224.8  1954   537.9  1984   345.8  1934   366.7  2008   520.5  1927  1627.8  2002
   213.9  1999   164.4  2016   148.8  1963   117.2  1991   115.9  2005   113.5  1945   141.9  1918   155.8  1917   167.0  1923   207.2  1984   205.2  1953   221.5  1983   535.0  1998   334.1  1999   363.6  2011   519.5  1923  1623.8  1923
   213.3  2002   164.4  1914   147.6  1968   117.1  2013   115.7  1963   112.8  1972   139.7  1950   152.6  2008   166.5  1954   205.9  1934   204.6  1978   219.3  2014   534.6  1974   333.7  1993   363.2  1930   511.4  1930  1607.8  2012
   211.5  1994   161.4  1935   146.5  1920   113.9  1992   113.7  1931   111.9  1999   138.9  2016   152.2  1961   165.0  1942   205.7  2011   203.5  1992   215.9  1980   533.1  1975   327.7  2002   361.4  2015   510.9  1932  1592.6  2005
   210.9  1984   160.6  2008   142.1  1981   113.7  2012   113.4  1976   111.3  1935   134.5  2007   151.7  1949   164.4  1999   204.6  2004   195.9  1914   214.8  2012   533.0  1922   326.8  1977   359.9  1910   502.7  2004  1585.5  1982
   209.4  2004   160.5  1925   140.9  2007   112.8  1959   110.9  2002   110.1  1946   133.5  1931   151.5  1982   161.0  1983   204.3  1930   193.6  1911   214.8  1924   529.2  1950   324.9  2007   359.4  1928   502.4  2001  1585.0  2007
   208.5  1916   153.4  1910   140.8  1995   109.6  1993   110.2  1943   109.4  2007   127.2  1915   151.0  1957   159.1  1984   204.0  1929   193.0  1974   212.4  1951   526.9  1994   323.6  2014   358.8  1927   502.4  1978  1582.3  1916
   204.6  1937   150.8  1922   139.5  1914   109.5  1998   108.2  1966   109.2  1947   126.8  2002   148.7  1951   157.0  1965   202.8  1990   191.9  1928   211.7  1911   525.1  1999   322.3  1921   356.5  1943   500.6  1928  1579.2  1986
   201.8  1927   149.3  1943   139.3  1966   108.9  2006   107.9  1913   108.5  1998   126.1  2012   143.1  1950   156.2  1947   202.4  1923   189.8  1944   208.8  1956   521.9  1957   321.6  1910   354.5  1929   500.1  2005  1566.8  1950
   199.5  1957   147.2  1923   137.9  1912   108.6  1965   106.2  1999   107.4  1994   125.6  1932   142.4  1912   153.9  2010   197.5  1970   188.9  1996   206.4  1936   517.6  1925   317.1  1927   354.1  2002   499.6  1991  1561.4  1949
   198.7  1930   146.1  1928   137.8  2006   107.5  1935   105.8  1993   107.2  1954   121.5  1937   140.9  1964   150.1  2006   196.9  2006   188.0  1959   202.5  1959   513.4  1949   315.8  1943   348.0  1962   497.1  1918  1558.0  1994
   197.6  1976   146.0  1950   134.8  1997   106.9  1911   105.4  1972   106.9  2008   121.1  1923   139.8  1952   149.6  1977   194.6  1968   187.6  1999   200.3  1982   512.0  1993   315.0  1997   347.9  1912   494.6  1967  1536.3  1988
   195.0  1989   145.2  1949   133.9  1957   106.8  1913   105.0  1997   104.9  2005   120.9  1958   139.2  2007   148.7  1961   193.7  1961   186.5  1913   199.1  1919   492.8  1983   314.8  1914   347.3  2016   491.9  2008  1532.5  1967
   193.5  1920   141.3  2017   132.3  1938   106.5  1985   104.6  1944   102.2  1913   118.0  1910   138.7  1942   148.0  2012   192.1  1928   186.4  1931   197.0  1942   491.3  1943   313.7  1968   344.6  2014   491.7  1998  1530.4  1912
   193.1  2000   141.2  1937   130.2  2014   105.3  1960   104.1  1938   101.1  1943   117.2  1951   137.9  1924   147.0  2000   191.5  2013   182.5  2011   194.0  2004   490.0  1930   313.6  1932   341.9  1961   490.2  1926  1520.3  1927
   190.0  1988   138.5  1970   130.2  1926   105.2  1999   103.5  1923   100.1  2011   115.4  1922   136.8  1960   146.2  1962   190.8  1942   181.9  1970   192.3  1957   489.2  1967   311.7  1966   339.1  1931   488.9  1992  1503.9  1943
   185.9  1948   137.4  1999   129.9  1977   104.9  1916   102.6  1964    95.5  1952   114.3  1916   135.2  2012   145.9  1945   185.4  2002   181.8  1930   188.2  1948   487.0  2004   310.5  1983   339.0  1992   485.2  1944  1498.7  2016
   184.9  1986   136.6  1931   129.0  1976   103.5  1996    99.6  2014    94.6  1981   113.9  1980   135.0  2005   145.8  1934   184.8  2005   180.5  1929   187.0  1915   483.3  1913   308.5  1949   337.5  1953   481.3  1940  1493.2  1932
   183.7  1926   135.4  1961   127.9  2017   101.6  1953    99.1  1968    94.5  1997   113.8  1934   134.2  1934   145.2  1987   182.0  1927   178.7  1946   186.6  1979   481.8  1928   306.0  1916   333.2  1965   478.6  1979  1491.3  1926
   183.2  1923   135.2  1967   126.9  2002   101.4  1948    98.7  1934    93.5  1959   113.5  1961   133.8  1928   144.6  1953   179.5  1989   178.0  1963   186.5  1985   476.2  1923   305.3  1976   332.3  1954   473.6  1996  1478.6  1981
   183.0  2012   134.7  1996   126.1  1928   100.9  1975    97.9  1947    92.8  2015   112.9  1942   133.8  1927   144.5  1932   179.3  1982   176.9  1926   183.4  1932   476.1  1981   302.7  1922   332.2  1958   470.7  1929  1478.4  1979
   180.0  1949   134.1  1962   122.9  2000   100.1  2000    97.2  1955    92.8  1987   110.4  1933   132.6  1958   143.9  1970   178.4  1980   175.7  2002   182.9  2000   471.4  1962   300.8  1926   330.3  1918   469.6  2010  1473.9  2013
   177.6  1934   133.8  1948   122.7  1999    99.5  1964    96.9  1969    91.1  1973   110.1  1993   132.2  1963   143.6  2016   178.3  1926   174.8  1998   182.3  1990   470.4  1945   293.3  1989   328.6  1951   468.5  1999  1467.3  1935
   175.2  1944   132.7  1988   122.2  1991    99.4  2016    94.1  1929    91.0  1950   109.1  1948   131.1  1921   143.0  1988   175.7  1976   174.3  2005   178.9  1997   463.9  1958   291.3  1912   322.9  1970   466.9  1948  1466.4  1980
   170.5  2003   132.6  2007   120.0  1998    98.4  1922    93.1  1953    89.8  1917   109.0  1920   126.4  1918   142.5  1990   175.6  1948   173.6  1980   177.1  1934   460.8  1988   290.7  1972   318.6  1952   460.3  2012  1465.7  1957
   166.3  2009   127.8  1960   120.0  1940    97.6  1923    92.6  1973    89.4  1956   108.1  1929   124.9  1998   142.4  1964   174.7  1959   170.9  2000   173.8  1998   458.3  1933   290.4  1988   317.2  1964   458.1  1916  1464.4  1934
   166.2  1981   126.6  1941   118.2  1993    97.5  2008    91.9  1921    89.3  2016   107.2  2008   124.3  1980   141.0  2005   171.3  1977   170.2  1973   168.9  1973   453.9  1960   289.7  1950   311.5  1960   457.2  1961  1461.3  1920
   162.1  1931   125.1  1933   116.5  1939    96.9  1970    90.9  1983    89.2  1963   106.3  1954   122.1  1946   136.7  1944   170.3  1949   168.9  1916   168.7  2003   446.8  1912   289.1  2008   311.2  1987   456.9  1983  1460.9  1918
   161.3  1998   124.6  2015   113.9  1919    95.6  1933    89.1  1982    88.1  2001   105.6  1987   121.6  1979   135.9  1956   169.6  1918   166.7  2010   168.3  1940   446.5  1939   287.8  2013   309.9  1942   451.0  1943  1459.0  1951
   159.8  1951   123.5  1926   113.7  2005    93.8  2014    88.1  1979    87.9  1929   105.3  1947   119.1  2016   135.6  1974   167.2  2009   163.8  1912   164.2  1944   445.8  2013   285.2  1987   309.5  1937   448.8  1953  1458.6  1930
   159.1  1958   119.6  1974   110.4  1948    93.2  1990    87.1  1932    87.8  1916   104.5  1965   118.8  1954   135.3  1919   163.7  1988   162.9  1972   163.0  1964   445.0  1914   285.1  2000   309.3  1934   448.7  1947  1455.0  1974
   159.1  1942   118.1  1966   106.5  1952    91.0  1914    86.8  1962    86.9  1924   104.4  1941   117.0  2015   135.0  1926   159.6  1971   161.5  2003   159.5  1984   444.3  1926   284.7  2004   308.6  1990   443.6  1963  1448.6  1983
   158.3  1946   114.2  1946   104.4  2011    90.2  1961    86.8  1942    86.6  1926   104.4  1921   115.7  1953   132.7  1967   159.2  1940   161.4  1969   159.2  1962   442.8  1935   284.2  1982   308.3  2010   443.3  1990  1446.6  1970
   156.8  1965   113.6  1957   103.6  1950    89.8  2002    86.2  1926    85.5  1930   102.0  1974   115.5  2001   131.0  1955   158.7  1944   160.2  2012   157.2  1945   442.0  1931   283.9  1998   306.6  1940   441.0  1986  1445.9  1985
   155.3  1922   113.3  1977   103.2  2010    88.2  1979    85.1  1910    82.5  1911   101.7  1975   114.6  1965   128.5  1979   158.6  1991   158.9  1919   154.8  1960   435.0  1992   283.8  1995   303.8  2001   432.6  1974  1438.8  1944
   152.8  1910   112.7  1951   103.1  1970    87.7  1940    84.9  1956    82.3  1962   101.5  1927   114.3  1990   127.8  2009   156.7  1986   158.2  2007   154.5  1952   431.5  1956   282.5  1948   301.9  1916   426.3  2014  1438.0  1995
   152.2  1978   112.5  1958   102.2  1927    86.6  2010    84.2  1914    81.3  1964   100.9  1979   112.8  1987   126.5  1969   156.5  1987   154.9  1949   154.4  1958   429.6  1946   281.5  2003   301.8  1939   425.0  1976  1436.4  1989
   149.8  1933   111.7  1954   101.4  1954    86.0  1912    83.4  1965    80.5  1937   100.2  2001   112.5  1986   125.6  1991   156.0  1936   152.0  2001   154.4  1918   424.1  1987   281.4  1945   301.2  1959   423.0  2013  1431.6  1956
   148.8  2013   111.2  1982   100.3  1934    84.5  1944    83.2  2012    79.2  1985    99.9  2011   112.5  1970   125.3  1930   153.6  1933   152.0  1932   153.3  1965   423.5  1955   279.4  1954   300.3  1917   420.7  1969  1430.8  1966
   147.1  1915   110.6  2005    99.9  1980    84.3  1926    82.6  1927    79.2  1969    99.2  1960   111.7  1920   123.4  1938   152.0  2012   150.6  1918   151.9  1992   421.1  1952   278.9  1991   299.7  1966   413.1  2002  1429.6  1993
   145.2  1991   110.0  1973    99.0  2004    83.4  1931    78.6  1995    78.7  1958    99.0  1928   111.1  1926   121.8  1963   151.8  1941   150.0  1923   151.9  1910   417.7  1938   272.9  1970   298.7  1963   412.8  1942  1426.5  1910
   145.0  1943   108.9  2004    98.6  1951    83.2  1920    78.2  1949    76.2  1961    98.9  1968   109.7  2000   121.8  1925   150.0  1912   149.9  1994   149.9  1931   413.3  1911   272.0  1965   297.4  1941   412.4  1934  1425.3  1914
   144.8  1982   108.3  1912    97.9  1984    82.2  1963    77.7  1917    76.0  2003    98.4  1967   109.4  1919   121.1  1976   149.0  2010   149.8  1966   149.6  1953   410.9  1961   267.7  1985   296.6  1979   412.3  1959  1414.0  1962
   142.3  1925   107.3  2012    97.5  1947    80.9  2009    77.2  1918    75.7  2006    95.0  1964   107.5  1937   118.4  1917   148.6  1957   148.9  1935   149.3  1923   410.0  1997   265.5  1919   296.1  1989   411.8  1987  1407.9  1991
   141.1  1952   105.5  1984    95.9  1961    80.1  2011    76.7  1911    75.5  1960    94.8  1945   107.0  1914   117.4  1936   148.5  1955   148.7  1927   147.8  1928   408.9  1948   265.4  1938   292.8  1922   407.8  1985  1407.5  1961
   140.3  1939   105.3  1938    95.7  1971    79.7  1973    76.6  1992    75.4  1957    93.7  1914   105.7  1935   117.2  1943   148.3  1952   147.9  1910   146.9  2016   407.6  1991   265.3  1951   291.5  1945   403.8  1949  1406.9  1984
   138.3  1945   103.4  2001    94.5  1915    78.8  2015    75.1  1981    75.3  1983    92.2  1911   104.4  1933   116.7  1928   144.7  1945   147.5  1920   145.7  1922   404.6  1918   263.1  1964   289.0  2005   403.0  1988  1406.7  1924
   137.9  1968   102.1  1955    93.6  1932    77.8  1917    74.9  1996    74.3  1922    90.3  1930   103.0  1973   113.7  1966   143.8  1963   147.3  1941   145.7  1913   404.2  1921   262.4  2016   288.0  1935   395.1  1912  1397.6  1921
   137.7  1972    97.3  1913    93.4  1945    77.7  1924    74.2  1974    74.1  1979    90.0  1943   103.0  1922   112.9  1958   140.7  1958   147.2  1971   143.9  1988   399.2  1976   259.7  1940   287.8  1936   395.0  1924  1390.2  1977
   136.9  2011    96.0  1976    92.2  1985    76.9  1986    73.5  1971    74.0  2000    88.3  1991   102.7  2010   112.5  1968   140.3  1979   146.1  2008   143.3  1930   395.7  1954   258.6  1958   287.4  1944   394.5  1965  1378.5  1942
   136.3  1918    94.1  1981    89.9  2016    75.7  2001    73.0  2016    72.8  1989    88.0  1992    99.7  1916   110.8  1997   138.3  1921   145.7  1960   142.8  2007   391.8  1932   256.7  1911   283.1  1926   388.5  1968  1377.9  1931
   135.0  1914    92.9  1971    88.8  1925    75.1  1997    72.9  1970    71.5  1993    86.5  2014    97.1  2006   110.3  1940   134.6  1965   141.3  1950   142.5  1916   391.4  1986   256.2  1923   281.0  1933   387.9  1966  1376.5  1997
   134.5  1954    91.7  1980    88.2  1949    74.1  1967    72.7  1941    71.2  1976    85.4  1926    97.0  1966   109.5  2001   133.1  1950   138.3  2014   138.7  1938   390.5  1927   254.9  2012   274.7  1973   385.7  1936  1374.7  1929
   133.8  1992    90.9  1978    87.5  1910    72.5  1988    71.0  1987    70.8  2009    85.0  1995    96.8  1994   107.6  2008   132.7  1969   137.7  1985   138.3  1946   388.4  1980   253.5  1957   270.5  1920   384.4  1975  1366.9  1911
   133.3  1936    90.5  1994    86.2  1917    71.9  1955    70.6  1948    70.6  1967    84.8  1981    95.5  1944   103.4  1994   132.7  1956   136.6  1975   138.1  1987   386.8  2009   249.2  1944   268.8  1994   384.1  2015  1357.8  1917
   132.7  1947    87.6  1972    85.6  1930    71.5  1969    70.1  1977    70.4  1955    84.4  1997    95.4  1977   102.7  1957   125.3  1925   133.2  1997   137.1  1925   381.9  2017   249.0  1981   268.7  1921   381.3  1939  1356.7  1978
   131.9  1969    86.2  1953    85.4  1959    70.9  1962    70.0  1952    67.8  2014    83.8  1986    93.5  1974   102.0  1952   124.4  1966   132.2  1964   136.2  2008   377.9  2001   248.9  1915   268.3  1991   380.1  1951  1356.1  1946
   130.0  1956    85.9  2006    84.9  1943    70.5  1939    69.1  1985    67.3  1971    83.4  1999    91.9  1971   101.9  2013   123.0  1924   129.5  2013   135.8  1991   366.2  2011   247.1  1973   263.5  1919   378.1  1946  1355.6  1945
   126.8  1912    84.3  2009    83.9  2003    70.3  1958    67.6  1930    67.3  1970    83.3  1952    91.7  1978   101.3  1937   118.4  1931   128.3  1976   132.7  1972   365.5  1951   245.5  2017   263.2  1949   377.0  1919  1351.5  1965
   125.1  1924    84.3  1987    81.1  1922    68.1  1952    67.3  1912    67.0  1968    83.1  1969    90.1  1938   100.4  2007   118.0  1992   127.0  1967   131.6  1967   361.5  1965   245.5  1959   263.2  1911   374.2  1964  1348.6  1953
   125.0  1913    82.5  1936    80.0  1965    67.6  1941    64.4  1937    66.2  1933    81.9  2013    89.9  1915    98.7  1973   116.5  1999   121.6  2004   130.2  1978   354.3  1942   245.4  1978   261.6  1974   373.9  1911  1337.6  1940
   124.1  1971    82.2  2013    78.4  1935    67.4  1956    62.1  2000    66.0  1974    81.7  1978    89.4  2002    97.2  1920   116.1  1978   121.4  1995   127.3  1971   352.8  1941   244.6  1952   258.6  1915   373.5  1956  1325.3  1958
   123.6  1960    82.2  2010    77.6  2001    67.0  1968    61.9  2004    64.9  1977    80.8  2003    89.1  2013    94.6  1951   110.2  1993   119.9  1943   127.2  1920   352.6  1972   242.5  1961   258.2  1999   373.4  1913  1324.6  1959
   122.7  1919    80.1  1991    76.9  1916    65.1  1928    60.3  1957    64.3  1996    80.6  1973    89.0  1967    92.2  1989   110.1  1960   116.2  1948   117.9  2001   352.3  1970   241.7  1917   257.9  1967   363.3  1971  1315.8  2001
   122.4  1950    78.6  1927    76.8  1946    64.7  1983    56.5  1961    64.0  1939    80.5  1912    88.4  1911    89.3  1998   106.3  1994   114.7  1961   117.8  1941   350.8  1966   240.0  2010   255.3  1986   359.9  2007  1314.3  1913
   120.7  1961    77.5  1944    74.9  1973    64.6  1930    55.6  1933    64.0  1923    77.6  1971    87.5  1925    89.3  1960   106.1  1913   114.4  2016   110.6  1969   346.7  1973   239.9  1928   254.4  1982   359.6  1994  1311.1  1947
   120.0  1967    77.3  1942    73.1  1911    64.4  1995    54.5  1988    63.8  1953    77.2  1963    85.1  1936    87.1  1915   104.0  1974   112.3  1936   110.1  1926   340.4  1924   239.1  1953   254.1  1993   357.9  1941  1311.0  1925
   116.2  1979    76.2  1956    72.4  1936    64.4  1945    54.4  1998    63.3  1984    76.3  2004    83.3  1945    86.2  1929   101.3  2007   110.2  1987   109.8  1961   339.4  1968   237.0  1924   248.3  1914   357.2  1952  1306.4  1939
   111.6  1959    75.3  1969    71.6  1933    64.3  1987    53.6  2017    63.2  1975    76.3  1996    82.2  1940    86.0  2003    99.6  1964   106.9  1952   105.6  1975   339.0  1944   236.4  1996   245.0  1972   355.7  1931  1305.4  1922
   111.3  1977    69.9  1968    71.4  1942    64.1  1966    52.6  1960    62.7  1951    75.2  1944    81.5  1969    85.0  1911    99.0  1953   106.6  1915   103.1  2009   332.7  1982   234.5  1931   243.8  1969   348.9  1955  1301.7  1987
   110.1  1980    67.5  1952    71.0  1941    64.1  1942    52.6  1950    62.2  1978    74.6  1925    80.9  1932    84.1  1921    98.1  1937   105.2  1922    98.8  2005   331.8  1978   225.3  1939   243.7  2006   345.4  1973  1283.5  1952
   109.8  2006    66.3  1993    68.2  1956    63.9  2017    52.0  1940    62.0  1918    74.3  1962    76.8  1972    81.3  1912    96.0  1939   104.9  1956    97.6  1935   328.0  1953   223.7  1955   243.4  1932   345.1  1960  1281.1  1915
   104.3  1935    65.9  1924    67.9  1972    62.8  1976    51.8  1989    61.4  1934    71.4  1990    75.3  1975    80.8  1913    95.4  1911   102.9  1965    95.3  1976   320.0  1977   222.9  1933   242.3  1997   334.9  1914  1276.0  1976
   104.0  1973    64.1  1940    67.2  1937    61.5  1989    51.3  1990    60.4  2013    71.0  2006    72.5  1993    78.6  1949    92.7  2015   101.2  1924    93.4  1996   319.1  1919   222.3  1942   240.2  1975   331.2  1989  1274.2  1960
   103.9  1917    63.8  2003    66.5  1958    61.2  1946    50.6  1936    58.9  1986    70.9  1935    67.9  1931    78.3  1922    90.6  1910    98.0  1990    93.0  1950   317.6  1959   221.6  1971   236.8  1971   329.5  1957  1269.7  1919
   103.3  1970    58.0  1983    63.9  1974    61.0  1929    50.1  2010    58.3  1942    67.7  1966    67.6  1939    76.0  1914    85.2  1962    96.3  1988    92.9  1989   313.4  1936   221.4  1935   235.6  1978   326.7  2003  1266.1  1936
    96.7  1955    53.0  1921    62.7  1962    60.2  2003    48.7  1928    57.0  1910    67.0  1949    66.2  1996    73.3  1939    82.7  1919    93.4  1962    92.1  1917   309.3  2003   220.6  1956   235.1  2000   324.8  1962  1255.4  2010
    96.2  1911    51.5  1959    61.0  1964    60.0  1984    47.2  1959    53.5  1982    64.6  1994    65.0  1991    71.2  1993    80.5  1985    81.4  1968    91.9  1937   305.4  1947   220.4  1962   231.5  2013   323.9  2016  1250.0  1973
    93.7  2017    49.3  1964    60.1  1944    59.3  1957    46.5  1946    52.8  1936    63.7  1976    64.3  1959    63.8  1996    79.6  1997    80.3  1921    90.2  1939   302.8  1971   217.9  1930   231.5  1981   323.6  1997  1239.5  1964
    92.7  2010    46.6  1929    59.8  1975    54.6  1954    43.4  2001    49.8  1920    59.8  1977    64.2  1968    61.1  1986    79.2  2003    78.6  1933    89.2  1947   294.5  2006   211.4  1960   230.1  1968   322.8  1920  1231.5  1996
    91.6  2001    45.6  1985    58.0  2012    54.3  2007    41.7  1951    47.6  1914    55.4  1972    63.5  1997    58.7  1941    78.3  1915    78.1  1957    88.7  1977   290.2  1979   211.3  1941   220.2  1977   319.3  1945  1222.0  1975
    87.4  1953    45.1  1975    57.9  1996    53.7  1937    40.8  1975    44.5  1949    54.7  1917    62.8  1999    58.5  1916    78.1  1975    75.6  1993    86.3  1943   287.8  1985   207.2  1969   219.5  1947   308.4  1958  1220.0  1968
    86.6  1996    43.8  1979    55.1  1923    52.4  1971    39.6  1991    41.6  1915    51.7  1984    52.1  1981    56.5  1971    78.1  1920    69.3  1955    85.7  1970   287.0  1969   201.6  1975   206.8  1996   302.7  1921  1219.3  1963
    82.7  1985    42.2  1934    54.5  1955    50.9  1921    38.3  1939    41.0  1995    51.5  2000    48.9  1913    52.0  2002    76.7  1947    60.6  1934    79.8  1968   280.0  1917   196.7  2001   202.9  2003   300.9  1925  1214.2  2003
    79.4  1966    42.0  1919    53.6  1960    47.3  1936    35.5  1935    39.8  2010    49.4  1982    47.8  1984    50.9  1931    76.5  1973    59.5  1989    76.7  1981   278.0  2010   185.3  1937   194.8  1925   287.1  1910  1189.4  1969
    72.7  1964    41.8  1965    51.7  2013    44.8  1978    35.2  1915    39.1  1992    49.2  2005    46.2  2003    49.9  2015    74.6  1922    57.1  1942    75.0  2002   276.3  1996   184.5  1946   183.8  1913   272.2  1933  1174.1  1937
    71.2  1987    34.4  1947    50.9  1918    44.6  1982    34.1  1978    38.8  1940    47.8  1989    46.1  1983    49.6  1959    69.9  1972    54.9  1958    62.7  2010   260.0  1934   183.8  1929   167.2  1983   272.0  1915  1168.8  1941
    57.9  1997    33.7  1917    44.4  1953    38.5  1918    32.1  1919    36.9  1932    45.8  1983    37.6  1955    48.5  1910    65.9  2016    53.9  1925    59.9  1963   246.3  1929   180.4  1984   162.8  1984   264.5  1972  1166.0  1971
    57.9  1941    31.8  1963    39.7  1924    31.7  1981    28.8  1994    33.2  1921    39.7  1919    33.0  1995    40.0  1933    62.9  1914    53.6  1983    55.0  1995   229.6  1963   170.3  1936   159.1  1995   258.1  1922  1158.2  1972
    57.6  1940    24.2  1930    38.8  1969    29.0  1938    26.1  2008    32.8  1925    33.7  1955    21.9  1976    39.2  2014    60.7  1951    42.3  1937    43.4  1927   211.8  1940   166.6  1918   156.8  1976   257.0  1993  1138.2  1955
    51.9  1929    20.0  1986    37.4  1931    19.8  1980    24.0  1980    30.9  1941    32.7  1913     5.1  1947    31.7  1972    19.4  1946    28.8  1945    40.2  1933   181.9  1964   152.1  1974   141.6  1955   241.6  1937  1091.2  1933
    38.6  1963    10.3  1932    28.7  1929    14.0  1974    22.5  1984    30.1  1988                                                                                                     143.7  1980
