UK Rainfall (mm)
Areal series, starting from 1910
Allowances have been made for topographic, coastal and urban effects where relationships are found to exist.
Seasons: Winter=Dec-Feb, Spring=Mar-May, Summer=June-Aug, Autumn=Sept-Nov. (Winter: Year refers to Jan/Feb).
Values are ranked and displayed to 1 dp. Where values are equal, rankings are based in order of year descending.
Data are provisional from January 2017 and Winter 2017.  Last updated 03/07/2017.

     JAN  Year     FEB  Year     MAR  Year     APR  Year     MAY  Year     JUN  Year     JUL  Year     AUG  Year    SEP   Year     OCT  Year     NOV  Year     DEC  Year     WIN  Year     SPR  Year     SUM  Year     AUT  Year     ANN  Year
   205.1  1928   187.9  1990   150.3  1981   128.0  2012   128.3  1967   149.0  2012   145.6  2009   167.6  1912   182.2  1918   194.8  2000   215.7  2009   218.8  2015   544.9  2014   331.7  1947   384.4  1912   497.8  2000  1337.3  2000
   189.6  2008   175.6  2002   142.5  1994   120.3  2000   121.6  1924   136.2  2007   145.3  1988   166.7  1917   180.0  1950   192.5  1967   193.6  1951   213.0  1929   509.1  2016   317.6  1979   379.2  2012   473.1  1954  1334.8  2012
   188.0  2014   169.2  2014   141.1  1947   117.1  1947   120.3  1925   124.5  1912   144.9  1939   160.4  1956   168.8  1981   183.5  1998   190.4  1940   203.3  1914   485.1  1995   315.6  1913   359.2  1956   470.7  1935  1309.1  1954
   180.2  1948   163.7  1997   140.0  1979   116.6  1998   114.6  1986   121.3  1980   143.0  1936   159.8  2004   157.2  1927   173.5  1916   188.0  1929   190.3  1999   470.9  1990   310.0  1920   357.8  2007   446.4  1981  1300.5  2014
   179.6  2016   152.6  1923   131.2  1913   106.1  1920   114.1  2007   118.8  1998   135.2  2007   157.3  1992   152.8  1935   173.4  1935   182.2  1954   188.4  1911   463.1  1915   305.0  1986   343.2  1985   430.4  1984  1295.0  2008
   176.6  1995   141.1  1915   128.2  1912   102.9  1913   112.5  2006   113.7  2017   134.6  1940   152.8  1985   147.0  1946   172.2  1938   173.2  1939   187.6  2013   437.9  2007   291.2  2006   337.1  1927   417.0  1938  1283.7  2002
   171.2  1993   140.7  1950   125.0  1992   100.6  1935   110.3  2015   112.6  1997   124.7  1915   140.2  1910   141.5  1974   171.6  1954   172.9  2015   184.8  1993   433.0  1916   287.1  1983   327.6  1931   415.1  1944  1272.4  2015
   169.3  1974   140.3  1916   124.3  1914    99.9  1932   107.9  1932   112.0  1931   123.5  1920   138.8  2014   138.4  1965   171.5  1932   172.7  2000   184.1  1986   423.8  1937   286.4  1967   326.8  1946   413.1  1982  1267.1  1998
   167.2  1984   138.9  1995   123.9  1988    99.2  1993   105.6  1969   109.9  1928   123.1  1957   138.1  1930   137.9  1976   168.0  1917   170.7  1970   183.8  1915   422.9  1994   285.4  1981   323.0  2009   400.6  2006  1258.5  1928
   166.6  1988   137.9  1937   122.5  2008    96.8  1934   104.4  1979   107.4  1948   122.6  1924   138.0  1948   137.1  1999   165.8  2004   166.9  1984   179.4  2012   417.7  2000   281.9  1994   320.2  2008   397.4  1967  1242.0  1912
   166.1  1990   136.4  1925   121.7  1989    96.7  1961   102.5  1983   106.8  1927   122.4  1956   136.8  1962   133.3  1924   165.8  2001   165.2  1944   177.7  1959   402.3  1920   278.7  1932   317.2  1958   397.4  1950  1239.1  1999
   164.9  1975   133.8  1989   118.4  1919    95.6  1950   101.8  2011   101.6  1935   120.4  1918   134.9  1951   132.5  1968   163.4  2013   165.1  1926   177.1  1934   401.5  1960   272.2  1963   315.6  2004   395.6  1960  1220.0  1923
   160.3  1999   129.5  1977   118.0  1963    95.3  1910   101.7  2002   101.3  1966   119.2  1953   133.6  2008   132.0  1995   161.0  1987   164.3  1963   173.7  2006   391.5  1984   270.3  1992   313.9  1948   394.2  1976  1217.2  1927
   154.3  2015   127.7  2000   117.4  1982    93.1  2004    99.6  2014   100.3  1987   118.9  2012   132.9  1927   130.4  2000   159.7  1976   164.2  1938   169.6  1994   390.5  1925   263.6  1925   309.6  1950   393.5  1930  1213.6  2004
   153.8  2007   126.1  1910   111.5  1978    92.8  1949    99.0  1955   100.2  1991   117.6  1922   132.5  1950   128.6  1984   159.3  1928   163.8  2002   168.1  2011   389.8  1930   262.4  2000   307.6  1954   390.6  1998  1213.3  2009
   153.2  1937   122.9  1966   110.9  2006    92.4  1925    98.0  2003   100.1  1958   117.3  1931   132.0  1946   125.4  1975   158.5  2014   162.8  1946   166.5  1979   386.3  2008   260.6  1998   307.5  1910   389.0  1940  1207.9  1948
   153.0  1930   122.4  1935   109.8  1987    91.2  2005    97.3  1931    96.9  1982   114.9  1950   131.7  1941   120.4  1957   158.2  1949   158.5  1992   166.5  1919   384.4  1923   258.6  1951   307.4  1924   387.7  2009  1202.6  1916
   152.2  2004   117.9  1958   109.6  1920    91.2  1959    96.4  1945    95.5  2016   110.8  1960   128.5  1923   120.1  1983   157.8  1923   157.9  1982   163.7  1912   383.1  1974   252.8  1993   303.3  1980   386.9  1929  1202.4  1950
   151.5  1994   114.9  1914   108.4  1986    90.7  1994    95.8  1993    94.0  1954   110.6  1932   121.1  1957   119.8  1962   155.7  2008   155.6  1986   160.8  1965   381.1  2002   251.7  2015   301.5  1957   386.4  1918  1200.3  2007
   149.3  1921   114.7  1922   105.8  1951    90.0  1970    95.7  1942    94.0  1945   108.6  1938   117.8  1960   119.4  1958   154.3  2002   154.8  1931   155.8  1966   379.6  1912   251.5  1916   301.2  1917   385.3  1927  1198.8  1960
   148.6  1962   114.5  2011   103.9  1921    89.6  2001    94.6  1958    94.0  1938   108.1  2008   117.7  1954   119.2  1954   154.1  1981   154.0  2006   154.1  1978   375.4  1928   248.0  1972   295.3  1930   383.1  1923  1198.3  1951
   147.7  1938   110.8  2016   103.7  1967    88.9  1966    94.4  1920    93.6  1946   108.0  2015   116.5  1952   118.6  1944   152.0  1929   147.4  1960   153.6  1924   369.4  1922   247.4  2014   294.4  1988   380.1  1974  1188.8  1992
   147.3  1939   110.8  1945   103.5  1998    88.0  1992    93.7  1954    90.8  1999   107.6  2010   116.5  1943   117.2  1982   146.3  1960   145.9  1928   152.6  2000   367.4  2015   246.7  1999   290.4  1928   375.6  1970  1186.6  1994
   147.2  1983   110.4  2007   100.2  1980    87.7  1951    93.0  1916    90.7  1990   106.6  1958   116.4  1986   115.5  1992   145.5  1980   145.4  1996   148.7  1983   367.1  1943   246.6  2008   288.1  1938   374.6  2012  1185.0  1986
   147.2  1943   109.9  1951    99.1  2017    87.6  1991    92.9  1943    89.5  1972   102.6  1930   115.3  2009   114.0  2010   143.8  2006   144.9  1974   147.9  1949   363.6  1939   246.6  1966   287.8  1960   372.9  1932  1183.9  1938
   142.9  1986   109.5  1974    97.4  1983    87.2  1983    92.1  2013    88.0  1985   102.3  1985   113.0  1924   113.8  1930   142.8  2005   144.6  1959   147.6  1955   363.3  1935   245.6  2002   285.6  1998   370.7  1980  1180.4  1930
   139.7  1920   106.6  1941    95.6  2015    87.2  1931    87.1  1981    87.1  1965   101.3  1946   112.9  1988   113.7  1967   142.3  1961   144.5  1935   144.4  1985   360.9  1999   241.5  1934   280.1  1992   368.5  1992  1179.2  2006
   138.9  1932   106.3  1918    94.3  1928    86.1  1922    86.7  1972    86.9  2002    98.5  2002   111.3  2012   112.9  2012   140.1  1990   143.0  1930   142.2  1910   360.5  1957   237.3  2005   277.9  1939   368.5  1928  1177.7  1924
   137.0  1926   105.4  1967    93.5  1940    85.9  1999    85.0  1997    86.9  1971    98.0  1965   110.4  1958   112.6  1923   138.4  1983   141.3  1911   141.0  1951   355.7  1950   237.1  1968   277.2  1953   368.4  2008  1175.0  1990
   135.1  2002   105.4  1933    92.9  1990    85.5  1972    83.9  1966    85.1  2011    97.4  1927   109.8  1963   109.9  1932   138.1  1982   140.9  1969   140.9  1948   351.4  1958   236.3  1914   276.4  1936   365.4  1917  1174.5  1967
   131.0  1998   104.9  1928    92.5  1977    82.1  1986    83.1  1973    85.0  2004    97.1  1910   109.7  1921   109.7  1948   136.7  1930   139.9  1977   140.5  1956   349.6  2013   234.6  1924   271.5  1965   363.3  1926  1172.5  2011
   128.8  1927   104.1  1970    92.4  1957    81.6  1953    82.3  1938    84.8  1963    95.9  1954   109.6  1928   108.5  2011   135.0  1984   139.6  1950   138.0  1982   348.9  2004   231.4  1988   269.5  2015   358.9  2002  1170.3  1982
   127.6  2005   100.3  1931    92.3  1995    81.4  1985    82.0  2009    82.2  1955    95.2  1970   107.6  1942   107.9  1980   134.7  1996   139.3  1914   138.0  1954   348.1  1966   230.8  2012   269.5  1922   358.0  1916  1159.8  1966
   126.3  1936    99.8  1996    92.1  1991    80.9  1919    81.8  1976    82.0  1944    94.5  1968   106.5  1929   106.3  2008   131.3  1944   135.5  2012   136.8  1942   347.4  1980   230.0  2007   269.2  1966   352.7  2005  1156.4  1981
   125.7  1942    99.7  1911    91.9  1927    80.8  1927    81.8  1968    81.7  1947    94.4  1914   106.3  1982   105.7  1956   129.3  1968   135.5  1991   135.9  1974   344.2  1913   229.6  1989   267.7  1987   350.4  2001  1153.1  1974
   125.2  1960    99.4  1957    90.4  1968    79.4  1963    81.5  1913    81.0  1936    92.9  1959   105.8  2011   104.5  1953   128.5  1943   133.7  1979   134.4  1918   344.0  1988   229.2  1919   266.9  2011   345.2  1995  1152.2  1946
   125.1  1978    98.5  1960    88.9  2007    79.1  1923    78.4  1923    78.5  2008    92.3  1912   105.0  2015   103.9  2004   127.3  1934   129.6  1916   132.7  1936   343.9  1967   227.1  1964   260.6  1943   345.1  2004  1148.9  1910
   124.1  1922    97.1  2001    88.3  1916    78.2  1975    75.7  2000    77.4  1968    91.8  1993   104.5  1961   103.9  1942   127.2  1942   129.2  1947   132.6  2014   341.5  1998   226.6  1969   260.0  2016   342.8  1987  1144.8  1979
   123.4  1913    96.9  1939    87.1  1999    77.7  2016    74.9  1963    77.1  1926    91.5  1923   103.5  1979   103.5  1925   126.4  1989   128.4  1910   130.8  1997   340.4  1948   225.7  1987   259.3  2002   342.0  1949  1143.3  1935
   120.5  1965    96.2  1946    85.7  2001    77.5  1965    74.2  1926    77.0  1911    90.1  1998   102.9  1971   102.7  2006   126.2  2012   125.9  1913   130.6  1921   340.4  1926   224.4  1977   258.3  2014   341.8  1963  1139.8  1920
   120.5  1957    96.1  1920    85.6  1954    77.4  1977    73.6  1999    76.7  1943    89.4  1942   101.8  1934   102.3  1961   125.5  1940   125.2  1949   128.4  1980   339.0  2012   224.0  1927   256.6  1963   341.5  1946  1136.9  1918
   120.5  1956    94.4  1926    83.4  2016    76.9  1989    73.5  1947    76.4  1956    85.8  1937   100.2  1980   101.9  1960   122.8  2011   123.7  2014   127.5  1990   336.1  1975   223.7  1985   256.5  1997   339.2  1924  1135.9  1958
   120.1  1919    93.9  2017    82.2  1941    76.2  2008    73.0  1964    75.6  1964    85.5  1974    99.5  1922   101.3  1936   122.8  1924   123.5  1981   127.3  1922   334.0  1961   222.5  1912   255.6  1923   338.3  2010  1133.0  1988
   119.8  2009    93.7  1954    81.6  1952    75.7  1924    72.9  2005    75.2  1977    84.2  1992    98.7  1989   101.1  1994   122.6  1966   123.5  1972   125.5  1960   330.8  1983   222.4  2016   252.6  1920   335.9  1968  1129.0  1980
   118.7  1915    92.8  1961    80.4  1934    74.8  1964    72.6  1962    73.5  1917    83.8  1973    98.4  1931   100.0  1978   120.5  1952   123.2  2010   125.3  1964   329.5  1946   221.9  1922   252.3  1951   335.5  1999  1122.5  1993
   116.2  1944    91.7  1980    80.0  2014    73.3  1979    71.8  1910    72.0  2005    83.8  1947    97.6  2010    99.2  1934   119.6  1933   121.4  1917   122.2  2003   329.1  2001   221.7  2009   249.4  1929   331.9  2011  1118.6  1914
   115.7  1961    88.8  1988    79.8  1937    71.5  1940    70.2  1929    71.9  1924    83.1  1941    97.2  1966    97.8  1985   119.1  1959   121.0  2003   120.3  1958   322.7  1977   221.6  1965   247.1  1918   326.0  2013  1114.9  1931
   114.9  1951    87.5  1992    79.5  2009    71.2  1926    70.1  1953    71.4  1916    82.9  1987    96.9  2001    97.7  1943   118.8  1945   120.8  1997   119.6  1957   322.7  1931   220.2  2013   246.3  1941   324.8  1939  1111.5  1965
   114.7  1972    86.5  1994    79.4  2010    70.6  1996    69.2  1965    71.1  2003    82.7  1978    95.4  1953    97.5  1993   117.1  1926   118.3  1953   119.5  1998   318.8  1962   219.9  1949   245.1  1971   324.0  1996  1105.1  1932
   114.6  2003    83.1  1943    79.4  1939    70.2  1916    69.2  1917    70.2  1910    81.8  2001    94.1  1977    97.0  2016   116.3  1988   117.3  1980   119.4  1938   317.5  1945   218.6  2001   244.0  1915   323.8  1977  1101.3  1957
   114.5  1946    82.8  1978    79.3  1964    69.7  1973    68.8  1949    68.9  1952    81.8  1980    92.5  2006    95.2  1970   116.2  1912   117.0  1927   118.7  1945   314.3  1919   217.0  1910   243.9  1945   323.4  1961  1099.8  2016
   114.1  1934    82.3  2008    76.9  1970    69.3  1937    67.4  1937    67.0  1993    81.7  1961    92.0  1916    93.1  2005   116.1  1986   116.9  2005   116.8  1989   310.5  1956   216.6  1937   243.8  2010   322.7  1991  1097.7  1939
   113.9  1958    81.2  1999    75.9  1972    69.1  1962    66.8  1985    66.7  1973    81.6  1929    91.7  1970    92.0  1987   115.3  1995   116.2  1998   116.1  1972   309.7  1949   214.6  2004   241.8  1982   321.5  1951  1095.0  1970
   111.7  1912    80.5  2015    75.7  2002    69.0  1911    66.4  1948    65.3  1969    79.0  2016    90.3  1919    92.0  1945   111.5  1925   112.8  1923   115.5  1923   309.5  2005   213.7  1942   241.8  1926   312.9  1965  1094.5  1926
   111.4  1910    79.8  1998    75.5  1985    68.5  1960    66.1  1952    64.9  1919    78.5  1926    89.9  1974    91.5  1988   111.1  1927   111.7  1978   114.9  1930   309.4  1989   212.7  1931   240.8  1962   312.4  1943  1091.0  2013
   111.0  1971    79.5  1912    75.5  1976    68.4  1948    65.8  2012    64.7  1981    78.2  2003    89.6  1999    90.9  1998   109.7  1970   111.6  1971   114.4  2007   308.8  1993   209.0  1940   239.2  1970   309.0  1983  1086.2  2005
   110.9  2012    79.2  1972    74.9  1965    68.2  2002    65.1  1951    63.8  1913    77.7  1945    87.7  1949    90.6  1952   108.7  1941   106.9  1912   112.7  1946   308.2  1970   208.7  1952   238.8  1944   306.8  1986  1084.5  1944
   110.5  2013    78.2  1948    74.6  1971    68.0  1930    65.0  1918    63.4  1939    77.6  1933    86.5  2007    89.1  2001   108.3  1948   106.8  1936   111.6  2004   305.2  1991   208.7  1950   238.5  1974   306.1  1952  1079.0  1977
   110.1  1969    77.7  1949    74.5  1959    67.8  2014    64.3  1934    63.1  1974    77.5  1975    86.5  1965    86.8  1951   107.8  2009   106.7  1999   110.7  1952   304.2  1986   208.6  1954   237.5  1968   305.9  1979  1075.6  1915
   109.5  1976    76.5  1927    74.2  1917    67.8  2006    64.2  1941    62.6  1953    76.1  2011    86.2  1926    86.7  1963   106.6  1918   106.4  2008   109.2  2002   303.8  1951   208.6  1923   237.2  1961   304.9  2014  1074.3  1985
   109.1  1991    76.1  1955    73.9  1966    66.2  1939    64.1  1996    62.4  1959    76.1  1967    85.7  1925    86.5  1947   104.9  1977   105.7  1994   109.1  1925   302.3  1955   207.2  1970   236.9  2001   303.7  1994  1071.9  1943
   108.9  1916    75.6  1984    73.3  2005    65.9  1915    63.4  1922    62.2  1950    74.2  1944    85.6  2005    84.7  1973   104.8  1991   104.8  1966   108.3  1940   301.7  1933   207.0  1917   236.9  1952   302.6  1913  1066.0  1984
   107.5  1931    74.9  1936    73.3  1933    65.8  1943    62.8  1921    62.1  2009    74.1  1991    85.5  2016    82.4  1991   104.3  1939   104.8  1965   107.5  1984   301.0  1911   206.0  1982   236.7  1916   302.5  1936  1063.7  1929
   107.3  1970    74.8  2010    72.4  1922    65.7  1944    61.4  1944    61.3  1929    73.3  1951    85.5  1938    82.4  1919   103.0  1913   104.7  2016   107.1  1916   300.0  1979   205.7  1921   230.1  1973   302.2  1911  1063.4  1936
   107.2  1952    74.5  2004    72.1  1984    64.9  1968    61.3  2016    61.1  1933    73.3  1916    84.5  1987    81.1  1990   102.6  1957   104.6  1941   106.5  1928   300.0  1978   205.4  1926   229.1  1986   302.0  1953  1062.2  1925
   105.2  1918    71.6  1940    71.9  1930    63.6  2013    61.0  1946    61.0  1989    73.0  1925    84.4  1918    81.1  1926   102.3  1958   101.5  2007   106.3  1944   299.1  1938   204.3  1943   228.0  1942   300.8  1966  1061.8  1983
   104.5  1923    71.2  1982    70.8  1932    63.6  1917    60.0  1930    60.6  1994    70.9  1928    84.2  1964    80.7  1938   101.1  2010   100.9  1919   105.0  1992   295.7  1987   202.5  2003   227.0  1914   298.9  1990  1056.1  1934
   103.9  1924    70.5  1969    70.4  2004    62.6  1987    59.6  1914    60.5  1978    70.8  1966    82.6  2000    80.4  1955   100.9  1971   100.6  2011   104.6  1920   294.7  1936   201.9  1955   226.1  1964   297.6  2015  1054.3  1961
   102.9  1968    70.3  2005    69.3  1975    62.2  1969    58.8  1982    59.2  1960    70.7  2004    82.6  1944    79.9  1922    99.6  1979    97.9  1995   104.3  1973   292.6  1981   201.7  1991   225.2  1999   295.6  1948  1053.1  1949
   102.8  2011    70.0  1962    68.0  1942    61.0  1952    58.2  1912    58.7  1920    68.7  1969    81.6  1915    79.0  1977    96.9  1994    97.6  1918   102.4  1962   289.1  1941   201.5  1945   219.2  1993   288.6  1957  1052.8  2001
   102.8  1959    68.6  1991    66.5  2000    60.2  2009    58.0  2017    58.2  2001    68.4  1948    81.5  1997    78.9  1920    96.8  1955    97.0  1985   100.9  2009   288.1  1952   200.5  1959   218.5  1934   287.5  1959  1050.8  1922
   102.2  1977    67.8  1981    65.5  1997    57.9  1990    57.9  1995    57.4  1957    67.4  1943    81.0  1967    76.0  1937    94.5  1992    96.7  1976   100.2  1961   280.3  1914   199.9  1930   217.7  1978   284.0  1931  1047.7  1956
   100.5  1925    67.3  1987    64.6  2013    55.5  1933    57.3  1992    56.8  2000    66.7  1934    80.1  1914    76.0  1917    94.4  1936    95.5  2001   100.1  1932   278.1  1921   199.1  1948   217.2  2005   283.4  1934  1047.5  1940
   100.4  1945    66.8  1973    64.6  1936    54.4  1967    56.8  1988    56.5  2015    66.4  1964    79.8  1994    73.7  1913    93.6  1974    95.1  1973    96.8  1969   272.9  1918   196.0  1941   216.4  1991   280.3  1912  1045.6  1968
   100.2  1982    65.3  2006    64.2  1948    52.9  1971    56.2  1971    55.4  1937    65.4  2013    79.6  1973    73.3  1966    91.9  1993    95.0  1952    96.4  1967   272.5  2003   195.9  1978   215.2  1935   279.8  1925  1042.4  1917
    99.7  2000    62.2  1953    62.5  1950    52.3  1914    54.9  1933    54.8  2014    65.0  1986    76.8  1998    73.0  1940    91.7  1999    94.4  1975    93.5  1937   270.0  1965   194.4  1973   209.3  1990   277.1  1958  1039.7  1978
    99.1  1947    60.3  2009    62.1  1911    50.9  1945    54.5  1977    54.6  1930    64.7  2014    76.5  1996    72.7  1964    91.5  1911    91.5  1932    93.5  1935   268.0  2009   192.4  1997   208.9  1979   276.0  1942  1036.3  1987
    96.3  1981    60.2  1976    60.0  1926    50.7  1988    53.8  1974    52.5  1914    64.6  1981    74.5  1978    72.5  1979    90.8  1963    91.2  1967    92.1  1977   264.9  2011   192.2  1962   208.0  1969   272.5  1975  1034.5  1919
    96.2  1933    60.0  2012    58.8  1969    50.6  2003    53.3  1987    52.4  1922    62.5  1962    74.1  1935    71.6  2013    89.4  1910    91.0  2013    91.1  1976   261.0  1972   191.9  1976   207.1  1977   272.0  1988  1027.4  1913
    95.8  1989    59.8  2013    58.4  1949    50.0  1942    53.2  1915    52.3  1970    62.3  1997    74.0  1969    69.4  1911    84.9  1937    89.8  1987    88.6  1987   260.2  1969   191.8  2017   206.3  1967   268.1  1969  1026.9  1942
    93.3  1979    59.8  1919    57.8  1993    49.7  1955    52.2  1911    51.0  1961    61.9  1963    73.9  2002    68.7  1969    82.5  1921    86.1  1943    87.9  2008   258.7  1997   189.5  1958   205.7  1932   264.1  1978  1025.6  1997
    91.1  1949    58.0  1938    57.2  1938    49.6  1941    51.7  1957    50.4  1984    61.0  1917    72.7  2013    67.1  2007    82.4  1956    84.7  1964    86.6  1913   258.3  1924   189.4  1995   205.5  1937   261.8  1993  1025.2  1995
    89.2  1980    57.1  1913    55.0  1915    49.6  1918    51.3  1927    50.0  1934    59.6  2005    72.2  1945    65.0  1931    79.2  1953    84.7  1915    86.2  1981   257.8  1927   188.2  2011   205.2  1919   258.3  1914  1022.4  1911
    88.1  1955    57.0  1971    54.2  1945    49.1  1946    51.1  2004    49.4  1979    59.6  1921    70.7  1990    64.2  2009    78.7  1964    83.2  1924    82.9  1931   257.7  1982   188.2  1975   201.0  1940   255.7  1947  1020.7  1989
    88.1  1954    52.7  1944    54.0  2003    48.3  1956    50.6  1950    49.3  1983    59.0  1949    70.4  1920    63.2  1928    77.8  1950    82.2  1920    82.1  1947   257.0  1954   185.7  1953   200.7  1989   253.7  1919  1014.7  1937
    82.6  1967    52.6  1979    53.3  1955    48.2  1928    48.6  1994    49.2  1967    57.5  2000    69.7  1939    60.7  1997    75.7  1920    78.8  1961    81.2  1991   255.9  1947   185.3  1990   199.3  1959   253.2  1997  1009.6  1952
    79.7  2010    52.5  1968    51.7  1974    48.1  1936    47.9  2008    48.7  2013    56.2  1995    69.3  1911    58.6  1949    74.5  1915    77.7  1990    81.0  2005   255.4  2010   185.1  1961   197.0  2000   253.2  1985  1008.1  1945
    79.4  2001    48.6  2003    51.4  1960    48.0  2010    46.4  1960    47.8  1986    56.2  1972    65.7  1968    58.1  1989    72.4  2015    77.6  1948    79.8  1988   251.8  1968   183.7  1971   196.8  1972   250.5  1962  1004.6  1962
    78.8  1914    46.7  1942    51.3  1958    48.0  1981    45.9  1961    44.1  1951    56.0  1979    64.2  1937    57.2  1914    71.7  1997    77.1  1962    79.6  1968   251.6  1973   183.7  1933   195.6  1933   249.2  2016   999.7  1991
    77.4  1992    45.6  1983    51.1  1923    46.5  1978    44.8  1956    42.4  2006    55.3  1971    60.3  1993    57.1  1912    70.4  1919    75.4  2004    79.0  1950   248.5  1959   183.4  1911   193.2  1994   248.8  1971   993.2  1959
    75.5  2017    44.1  1947    50.9  1925    45.7  2015    44.7  1984    42.4  1918    53.8  1996    59.6  1932    54.9  1915    69.7  1965    74.2  1968    77.9  2016   247.4  1942   183.2  1928   189.6  1911   246.6  1956   988.5  1947
    75.3  1985    42.5  1956    50.5  1962    43.6  1958    44.0  1940    41.5  1996    53.5  2006    59.0  1975    54.8  1916    65.2  2007    72.7  1921    75.3  1953   247.3  2017   182.9  1996   188.3  2006   246.6  1941   980.0  1969
    74.2  1941    39.9  1952    50.4  1946    41.9  1997    43.3  2001    41.5  1962    52.8  1994    57.0  1933    54.3  2003    64.5  2003    72.4  1993    75.1  1941   246.1  1992   178.8  1939   187.0  1921   244.8  1910   975.6  1963
    73.6  1917    39.0  1924    49.9  1910    40.9  1929    40.7  1928    38.6  2010    51.5  1952    54.9  1984    53.5  1921    64.2  1931    66.5  1922    72.1  1995   245.4  1996   177.7  1935   186.8  2013   244.0  1989   961.2  1972
    73.5  1996    37.9  1929    49.7  2011    39.1  1995    40.6  1975    38.6  1992    50.1  1919    52.4  1936    52.3  2015    61.8  1914    65.6  1957    71.9  1939   237.2  1976   174.0  1915   176.5  2003   241.7  1955   952.9  1953
    68.7  1973    37.3  1964    48.2  1996    38.9  1921    40.4  1998    37.7  1915    47.9  1990    51.1  1972    47.3  1939    61.0  1973    64.9  1925    70.4  2001   233.2  1944   171.7  1957   175.8  1947   240.8  1973   951.5  1976
    68.5  1940    35.4  1975    45.6  1943    36.7  2011    40.4  1970    37.5  1976    44.9  1999    44.9  1981    46.9  1933    58.5  1969    64.5  1955    67.5  1975   230.6  1932   166.4  2010   174.5  1949   239.8  2003   950.5  2010
    67.1  1950    34.5  1985    45.3  1956    36.1  1912    39.0  2010    36.2  1988    43.3  1976    44.5  1913    46.8  1929    58.4  1985    64.2  1988    67.2  1971   229.7  1971   166.2  1960   174.2  1981   236.8  1920   944.8  1941
    64.4  1966    34.1  1963    43.4  1935    34.7  2017    37.9  1978    35.7  1923    43.3  1911    44.1  1959    43.9  1996    53.6  1962    59.5  1989    65.9  1996   223.5  1953   160.5  1946   172.9  1925   236.2  1964   918.0  1996
    63.8  1935    33.8  1917    42.9  1918    34.6  1976    37.8  1936    35.5  1932    41.0  1989    42.1  1991    40.9  2002    52.7  1975    58.5  1956    65.5  1927   217.3  1985   157.5  1918   171.9  1996   233.8  2007   912.9  1971
    60.1  2006    32.6  1993    42.5  1961    29.7  1982    34.8  1959    34.5  1975    39.5  1935    38.6  1940    36.3  1971    52.4  1978    56.9  1934    64.3  1943   214.4  1917   155.4  1944   171.0  1975   232.8  1945   905.4  1921
    59.2  1911    25.3  1959    41.6  1973    29.4  1954    34.4  1990    31.4  1941    38.5  1982    37.3  1983    35.4  1972    47.5  1972    55.6  1933    61.6  1970   212.1  1940   153.7  1938   144.4  1955   222.1  1933   905.2  1973
    50.6  1953    24.1  1965    37.3  1924    27.6  1984    33.7  1935    31.1  1942    37.8  1977    31.6  1955    35.2  1986    47.4  2016    55.3  1958    61.5  1917   206.5  2006   150.6  1936   142.1  1913   214.0  1915   904.2  2003
    48.5  1929    24.1  1921    37.0  2012    27.6  1957    33.2  1939    29.0  1995    37.5  1983    27.1  2003    33.3  1941    46.9  1922    50.4  1983    52.5  1926   192.9  1929   145.7  1980   141.0  1984   208.7  1921   899.8  1955
    44.3  1987    23.7  1930    34.0  1953    27.0  2007    31.0  1989    27.8  1949    35.8  1984    23.7  1976    27.0  1910    41.1  1951    47.1  1937    47.5  2010   168.7  1963   144.3  1984   124.2  1983   208.0  1937   899.4  1975
    43.5  1964    21.5  1934    28.3  1944    17.8  1980    29.8  1919    27.8  1940    33.7  1913    17.8  1995    23.8  1959    40.0  1947    44.9  1942    38.7  1963   168.0  1934   138.4  1956   104.6  1976   206.4  1972   895.5  1964
    32.2  1963    17.0  1986    28.1  1931    14.4  1974    27.8  1980    17.7  1921    30.6  1955    10.3  1947    22.8  2014    31.6  1946    22.1  1945    32.4  1933   119.5  1964   128.0  1929   103.0  1995   193.4  1922   835.4  1933
    29.0  1997     8.8  1932    17.0  1929    14.1  1938    22.0  1991    14.2  1925                                                                                                     119.8  1974
