Scotland Sunshine (Total hours)
Areal series, starting from 1929
Allowances have been made for topographic, coastal and urban effects where relationships are found to exist.
Seasons: Winter=Dec-Feb, Spring=Mar-May, Summer=June-Aug, Autumn=Sept-Nov. (Winter: Year refers to Jan/Feb).
Values are ranked and displayed to 1 dp. Where values are equal, rankings are based in order of year descending.
Data are provisional from January 2017 and Winter 2017.  Last updated 03/07/2017.

     JAN  Year     FEB  Year     MAR  Year     APR  Year     MAY  Year     JUN  Year     JUL  Year     AUG  Year    SEP   Year     OCT  Year     NOV  Year     DEC  Year     WIN  Year     SPR  Year     SUM  Year     AUT  Year     ANN  Year
    57.2  1959    91.7  2003   153.0  1929   202.1  1942   229.3  2000   240.1  1940   239.8  1955   239.3  1947   141.6  1959   106.4  2003    64.0  2016    43.7  2001   165.0  1963   489.2  1955   612.1  1995   283.6  1959  1456.3  1955
    52.3  2001    90.2  1960   144.2  2003   199.4  2015   228.3  1946   234.3  1949   213.3  1989   218.4  1995   138.0  1996   101.5  1939    60.6  1989    41.8  2010   156.9  2001   487.2  1942   577.4  1955   279.4  2003  1377.2  2003
    48.5  2017    89.6  1963   129.4  1953   188.1  1962   222.7  2017   227.0  1957   203.8  2013   217.8  1976   136.4  1933    98.3  1959    59.8  1996    39.1  1935   154.9  1930   486.4  2007   541.7  1976   263.1  1996  1331.1  1995
    46.8  1963    87.9  1970   126.8  2012   185.7  1974   221.6  1948   220.6  1970   198.7  1990   182.2  2003   134.9  1991    96.8  2016    59.6  2013    38.9  2007   154.6  2003   485.6  1929   517.8  1977   258.1  2016  1302.9  2009
    44.8  1965    83.1  1930   125.1  2007   180.1  2007   220.1  1935   212.4  1995   195.2  2006   175.1  1938   133.5  1987    96.3  1998    59.6  1947    38.9  1957   152.4  1959   483.2  1948   508.8  1975   255.6  1971  1298.1  1975
    44.1  2012    81.8  2013   123.8  2017   178.8  1981   220.0  1980   206.5  1975   192.9  2014   170.8  1997   131.8  1997    92.7  1997    58.0  2003    38.5  1960   148.9  1960   478.4  2017   507.3  1989   255.3  2010  1291.6  2006
    43.9  1952    81.8  1968   121.5  1931   176.6  2011   218.3  1975   205.9  1936   188.7  1935   170.6  1968   130.3  2015    91.2  1972    57.1  1952    38.2  2006   143.5  2015   476.5  2015   498.4  1947   253.3  1997  1285.5  1989
    43.7  1933    81.4  2004   119.3  1956   175.8  1954   216.0  1992   204.4  2009   184.1  1976   167.7  1977   126.2  1960    91.2  1971    56.8  2011    38.1  1938   143.3  2004   476.1  2008   497.9  1949   252.6  1998  1272.0  1949
    43.1  1932    80.9  1975   119.1  1948   173.6  1984   211.9  2008   203.2  1939   181.2  1995   163.6  1984   124.8  1934    89.5  2007    55.3  2005    36.3  1953   142.3  1968   468.0  2009   489.7  1969   252.5  2015  1270.4  1959
    42.1  2009    79.6  1955   118.3  2001   171.0  2006   211.7  2009   200.7  1930   178.8  1972   163.1  1955   124.3  1971    89.0  2008    55.2  2010    35.4  1995   142.0  1952   467.0  2001   489.4  2009   249.9  1972  1266.0  1929
    42.0  1931    77.2  1979   114.9  1933   166.9  2013   211.1  2001   199.9  1960   178.2  1943   159.2  1975   120.7  1949    88.5  1936    55.2  1965    34.6  2014   141.2  1985   459.7  1946   488.0  2006   249.7  2012  1258.4  1977
    41.9  2015    76.9  1950   113.8  1955   166.6  1956   209.5  1955   197.9  1967   177.4  1982   153.3  1945   119.0  2004    88.2  2015    55.1  1988    34.5  1948   140.1  2008   457.6  2016   486.1  1933   246.9  1987  1257.9  2010
    41.7  2000    76.3  2008   113.2  2009   165.9  1955   206.9  1951   195.8  1933   175.5  1971   149.9  1983   118.5  1955    87.9  1973    55.1  1950    34.4  1946   138.9  2011   456.2  1956   483.7  2003   245.6  1939  1250.4  2015
    41.5  2011    76.3  2001   112.7  1973   165.6  2003   205.6  2016   195.7  1969   172.5  1983   149.5  1933   118.1  1986    87.6  2010    54.6  1976    34.3  1951   138.6  1955   453.1  2012   474.2  1940   243.5  1986  1249.3  1960
    41.5  2010    75.7  1985   112.3  1970   162.6  1957   205.2  2012   189.9  1951   170.3  1934   149.4  1999   116.6  1979    86.7  1952    53.0  1960    34.3  1929   137.9  1977   451.0  2003   471.0  1983   240.7  1952  1233.0  2013
    41.2  1991    75.1  2016   110.0  2008   159.2  1936   205.1  1942   189.7  1934   169.4  1977   147.2  2004   116.3  1958    86.6  1981    52.9  2012    33.5  2004   137.8  2010   450.0  1980   469.3  2013   240.0  1955  1232.3  1950
    40.9  1945    74.7  1986   109.8  2004   157.6  1968   203.8  1994   187.0  1996   166.4  1984   146.6  1973   115.0  2003    86.4  1985    52.7  2006    33.3  1976   137.4  1950   445.7  1953   467.9  1934   237.7  1958  1229.0  2016
    40.2  1977    74.0  1957   109.7  1949   156.1  1990   200.1  1989   185.9  1986   161.6  1952   146.0  2016   114.5  1972    84.8  1986    51.2  1961    33.3  1967   137.4  1947   444.6  2011   467.6  1968   236.6  1948  1228.5  1951
    39.6  2003    72.9  1932   109.2  2015   156.0  1969   199.6  1959   185.4  1974   161.4  1999   145.8  2014   113.9  1951    84.2  1956    51.2  1942    33.0  1961   137.2  1932   444.4  1935   467.4  1997   236.2  1933  1227.1  2007
    39.3  1939    71.4  1996   108.6  2014   154.2  2008   197.0  1984   184.1  1968   160.0  2011   145.5  1944   113.7  2012    84.2  1931    50.9  1998    33.0  1955   136.9  1961   442.6  1962   467.1  1984   236.0  1973  1215.1  2000
    39.0  1929    71.2  1949   107.7  1934   153.9  1952   195.4  1977   180.8  1977   157.1  1966   145.4  1969   113.1  1937    83.6  1945    50.8  1930    32.7  1937   136.7  2013   442.1  1974   465.7  1950   235.3  1934  1215.0  1956
    38.9  1956    71.0  1946   107.5  1935   153.3  1980   193.3  1982   179.7  1929   156.7  2009   145.3  1950   112.6  2010    83.1  2012    50.7  1948    32.3  2008   136.7  1970   439.7  1951   462.8  2014   234.0  2006  1213.6  2008
    38.8  1957    70.6  1973   106.7  1982   150.8  2010   191.8  1937   177.9  1932   154.9  1950   143.5  1931   112.1  2006    82.8  1967    50.2  2008    31.9  2003   136.4  1962   438.6  2010   461.3  1936   233.5  1991  1211.1  1935
    38.7  1960    70.0  1999   106.0  1975   150.4  1951   191.4  1971   176.5  2006   154.6  1963   143.2  2005   111.4  1963    82.6  1965    49.5  2009    30.4  2005   136.4  1949   436.2  2000   460.9  1960   230.9  1960  1208.2  1948
    38.6  1985    68.8  1937   105.9  1986   150.1  1929   191.1  2010   175.0  1959   152.3  1958   141.3  1991   110.1  2002    82.0  1948    49.2  2000    30.4  1950   136.2  1936   434.6  1975   460.7  1972   229.7  1951  1206.5  1974
    38.4  1946    67.3  1981   105.3  2016   149.5  2005   190.3  2006   174.5  1955   152.3  1948   139.3  1939   109.8  1939    81.5  1946    48.1  1993    30.2  1999   134.9  2007   434.3  1982   453.7  1974   229.3  1993  1203.3  2001
    38.1  1992    67.0  2015   105.2  1937   149.1  1965   188.1  1990   174.4  1956   151.7  1997   138.8  2012   108.6  1954    80.6  1951    48.0  1955    30.0  1952   134.9  1946   433.6  2006   452.9  1996   229.0  2009  1202.3  1947
    38.1  1962    67.0  2010   105.0  1954   148.7  1953   185.9  2005   174.2  1941   148.5  1969   138.8  1966   108.0  1942    79.9  2000    47.5  1973    30.0  1932   133.4  1975   432.2  1984   449.8  1970   228.8  1989  1201.7  1952
    37.9  1941    66.7  1989   104.8  2002   146.6  2016   185.6  1988   173.1  1989   147.8  1994   138.6  1981   106.5  1940    79.5  1929    47.3  1977    29.9  1970   132.4  1933   431.3  1954   445.4  1971   228.0  1937  1198.2  1936
    37.7  1951    66.2  1947   103.0  1941   144.5  1991   185.3  1978   172.3  1988   146.7  2000   138.0  2015   106.0  1974    79.4  1950    46.5  1990    29.6  1958   131.6  2017   424.3  1981   444.5  1999   227.9  1949  1197.6  1957
    37.6  1930    65.8  1964   102.5  1999   144.1  1946   183.8  2004   168.8  1992   146.4  1956   137.9  2010   105.6  1994    77.4  1958    46.4  1944    29.4  2012   131.5  1979   422.1  1990   442.8  1982   227.9  1929  1197.1  1997
    37.1  1955    65.5  1959   102.5  1930   143.9  1945   183.1  1960   165.5  1950   144.6  1949   136.0  1937   105.4  1998    76.8  1961    46.4  1935    29.4  2009   131.1  2000   421.6  1989   441.5  1957   227.1  1961  1194.9  1933
    36.8  1947    65.4  1978   102.0  1965   143.0  2009   182.6  1957   163.4  2003   144.0  2005   135.4  2000   105.2  1964    76.3  1938    46.3  1975    29.2  1996   130.2  2005   420.5  2005   441.1  1956   226.3  2007  1194.0  1946
    36.4  1961    65.4  1962   101.6  1943   142.5  1948   182.5  1929   159.1  1962   143.3  1947   134.9  1965   105.1  1993    76.2  1941    46.1  1969    28.8  1989   130.0  1957   418.8  1949   441.0  1935   226.1  1947  1193.7  1971
    36.2  1978    64.6  1969   100.8  1939   141.4  1938   181.2  2007   157.4  1943   143.1  1996   133.8  1972   104.2  1957    76.1  1993    46.1  1929    28.7  1962   129.2  1978   418.0  1994   440.2  1938   225.9  2000  1190.8  1976
    36.2  1940    64.3  1977   100.5  1972   138.8  2002   181.1  1949   157.3  2010   143.1  1975   133.7  2002   103.9  1948    76.1  1975    45.9  1934    28.6  1965   128.3  2006   414.5  1952   435.9  1939   225.2  1950  1190.2  1969
    36.1  1958    64.1  1983    99.8  1987   137.7  2014   180.4  1958   156.5  1963   140.8  1933   132.9  1946   103.8  2009    75.8  2009    45.6  1932    28.5  1994   128.1  1964   411.9  1959   435.5  1967   224.2  1936  1188.7  1939
    35.6  2007    63.9  2005    99.6  1958   137.7  1970   177.4  2011   156.2  1979   139.8  2008   131.9  1974   103.3  1988    75.6  1995    45.0  1966    28.4  2000   127.6  1953   411.8  2013   432.6  1951   223.6  1981  1186.6  2005
    35.6  1936    63.8  1952    99.3  1962   137.6  2001   176.8  1966   155.4  1945   139.7  1942   131.9  1960   103.1  1935    75.2  1987    44.4  1949    28.4  1963   127.4  1999   409.0  1958   432.2  1959   223.2  1979  1183.3  1963
    35.5  1979    63.6  2006    98.6  1974   135.2  1977   176.8  1950   154.6  1937   139.3  1929   131.8  1992   102.3  1929    73.9  2002    44.1  1972    27.8  1943   127.1  1996   407.2  1957   432.1  1945   222.9  2002  1177.1  1984
    35.1  1950    62.8  1944    98.6  1952   134.3  1982   176.7  1961   153.8  1978   138.0  2003   131.2  1962   102.0  2013    73.5  1955    44.0  1958    27.6  1977   126.6  1956   403.5  1963   431.4  1986   222.9  1931  1176.8  1930
    35.0  1953    62.7  1953    97.7  1963   134.0  1967   175.9  1963   153.6  1985   137.5  1962   130.6  1970   101.9  1989    73.5  1947    44.0  1937    27.6  1930   126.4  1931   403.3  2002   430.1  1990   222.5  2004  1175.6  1972
    34.7  1954    62.3  2017    97.6  1989   133.9  1973   174.7  1943   153.5  1953   137.1  1991   130.5  1936   101.9  1944    72.1  1980    43.8  1974    27.4  1972   125.6  1973   402.9  1930   429.8  1943   222.4  1942  1175.1  2012
    34.3  2006    62.0  1961    97.3  1947   133.4  1932   174.6  1940   153.0  1964   136.4  1974   130.3  1994   101.7  2005    71.7  1994    43.8  1933    27.4  1964   125.4  2002   402.3  1977   427.8  1962   222.3  2013  1173.3  1999
    34.2  1988    61.5  1936    96.7  2010   132.7  1939   174.3  1936   148.7  1983   132.8  1973   129.3  1959   101.6  2014    71.6  1992    43.7  1959    27.3  1933   124.8  1986   401.6  1939   425.5  1930   222.2  1988  1173.2  2011
    33.9  1964    61.0  2007    95.5  1993   132.5  1972   172.4  1930   148.1  1972   132.0  2004   128.8  2001   101.6  1931    71.0  1937    43.6  1968    27.0  1979   124.8  1945   400.1  1971   424.5  1929   222.0  2008  1172.6  1934
    33.6  1935    60.5  1995    94.8  1950   132.0  2017   170.4  1956   147.4  2013   131.1  1964   128.6  1953   100.5  1973    70.4  1984    43.0  1967    26.9  1975   123.4  1954   399.1  1950   423.7  2000   218.8  1975  1171.4  1962
    32.9  2005    59.8  1991    94.7  1969   132.0  1998   169.9  1996   146.4  1971   130.8  1951   128.3  2009    99.8  1999    70.1  1964    42.9  1936    26.8  1984   122.7  1991   398.4  2004   422.3  2005   218.0  1954  1170.4  1996
    32.7  1999    59.5  1942    94.5  1979   130.3  1999   168.1  1939   146.0  2008   129.0  1960   125.4  2007    99.1  1961    70.0  1953    42.8  1943    26.5  1981   122.7  1951   395.3  1931   419.1  1994   217.1  1963  1169.3  1982
    32.5  1934    59.3  1934    94.2  1985   130.0  1963   167.9  2015   144.8  1997   128.0  1959   124.8  1986    99.1  1943    69.2  1969    42.5  2014    26.4  1940   122.4  1937   394.2  1966   418.8  1973   216.8  2005  1165.3  1973
    32.3  1989    59.2  2000    93.7  1997   129.0  1958   167.7  1987   144.7  1938   127.8  1965   124.5  1964    98.7  1969    69.1  2006    42.5  1970    26.2  1944   122.3  1939   391.7  1936   414.8  1992   216.3  1964  1164.1  1942
    32.2  1995    58.7  1933    93.7  1967   128.8  1971   167.6  1997   142.9  1982   126.7  1978   124.2  1961    98.2  1981    69.1  1930    42.4  2004    25.8  1941   121.2  1995   390.6  1943   413.8  2010   216.1  1945  1163.9  2004
    31.9  1997    58.2  1948    93.6  1959   128.0  1930   167.5  1953   142.5  2016   125.9  2007   124.2  1940    97.5  2011    68.9  1977    41.9  1954    25.5  1945   121.0  1958   390.1  1960   412.8  1932   214.3  1974  1162.9  1986
    31.9  1967    57.7  1945    92.7  1995   127.9  1949   164.9  1995   141.6  2000   125.0  1936   123.8  1987    97.3  2016    68.6  1963    41.8  1999    25.4  1949   120.0  1989   389.2  1999   409.6  1941   214.0  1969  1162.8  1990
    31.4  1938    57.6  1987    92.7  1966   127.5  1950   162.1  1952   141.3  1946   124.7  2015   123.6  1971    97.3  2007    68.5  1978    41.8  1985    25.1  1969   119.5  2009   389.1  1988   408.7  1952   213.7  1944  1162.1  1953
    30.7  1949    57.4  1997    90.9  1940   126.6  1994   160.8  1938   141.1  1994   123.5  1945   122.9  1996    96.9  1952    67.8  1962    41.7  1995    25.1  1966   119.3  1965   387.9  1973   408.5  1964   213.2  1967  1160.7  1968
    30.5  1987    56.8  1931    90.7  2011   125.8  2000   159.9  1931   140.2  1998   123.2  1941   122.6  1982    96.9  1938    67.5  1954    41.5  1979    24.7  1998   119.1  1934   382.7  1945   408.1  1991   213.0  1995  1160.4  1994
    30.1  2004    56.7  1982    89.6  1944   124.7  1966   159.8  2002   139.8  1976   120.7  1986   122.6  1932    96.7  2000    66.3  1989    41.0  1964    24.6  1982   118.4  1997   382.3  1937   399.8  1937   212.4  1994  1157.3  1940
    29.9  1990    55.7  1967    89.5  1976   123.9  1989   158.7  1945   139.4  1973   120.3  1938   122.3  1967    96.4  1975    65.8  1966    40.7  1978    24.6  1942   118.2  1938   381.0  1987   399.0  2011   210.4  1938  1156.1  1970
    29.8  1984    55.6  2011    88.1  2013   123.7  1960   158.0  1998   138.7  2011   118.6  2010   121.0  1989    95.9  2001    65.5  2014    40.7  1945    24.4  1974   117.9  2012   377.8  1995   398.1  2004   209.6  2014  1156.0  1981
    29.8  1937    55.3  1988    87.8  1981   123.6  1983   157.9  1974   137.4  1935   116.0  1981   120.2  1956    95.7  1995    65.4  1944    40.5  1986    24.4  1973   116.7  2016   377.7  1938   397.9  1963   209.3  2011  1154.9  1945
    29.6  1982    54.8  2014    87.5  1994   121.1  2012   157.7  1981   137.2  1984   115.2  1967   120.1  1993    95.0  1990    65.3  1996    40.1  1971    23.8  1936   115.4  1941   377.6  1978   396.5  2016   207.7  1985  1151.7  1938
    29.2  1998    54.8  1994    87.2  1946   120.8  1976   156.8  2013   137.0  1961   114.1  1992   119.5  1998    92.9  1947    65.3  1976    39.7  1956    23.7  1987   114.3  1981   376.1  1968   394.9  1966   206.7  1999  1151.1  2014
    29.1  1976    54.8  1956    86.1  1988   120.2  1995   156.4  1999   136.5  1952   113.0  1946   119.0  1949    92.8  1953    65.1  1999    39.6  2007    23.4  2011   114.0  1969   373.9  1970   394.3  1988   206.7  1956  1142.9  1958
    29.0  1986    54.8  1929    85.1  2005   118.7  1959   155.7  1985   136.1  1954   112.8  1968   118.1  2013    92.8  1936    65.1  1979    39.3  1992    23.3  2002   113.2  1988   372.9  1965   391.9  2015   206.3  1990  1141.4  1937
    29.0  1980    54.6  1951    85.0  1978   118.1  1986   155.2  1962   135.0  2005   112.4  1932   116.3  2006    91.8  1945    64.9  1983    38.9  2002    23.1  1992   113.2  1944   371.8  1940   390.3  1965   206.1  1977  1134.2  1967
    28.8  1972    54.5  1943    84.4  1961   117.4  1988   153.6  1941   134.9  1948   111.3  1930   115.0  1990    91.6  1932    64.9  1970    38.9  1981    23.1  1968   113.1  1983   370.7  1991   387.1  1946   205.7  1965  1133.9  1943
    28.7  1981    54.4  1935    83.2  1960   116.8  1935   152.5  1991   133.7  1999   110.0  1940   114.9  1935    90.7  1950    64.8  1990    38.8  1941    23.0  1993   112.8  1982   370.4  1969   385.6  1981   203.4  1946  1133.3  1991
    28.6  1943    54.0  1938    82.4  1951   114.3  1943   152.4  1979   131.4  2001   109.2  1937   114.3  1957    89.9  1977    64.6  1934    38.5  1991    22.3  2013   112.7  1967   370.3  1961   384.4  1958   203.0  1941  1120.9  1932
    28.1  1975    53.7  2002    81.0  2000   113.9  1931   152.1  1932   131.0  1981   108.3  1954   113.9  1988    89.5  1968    64.4  1974    38.2  1987    22.0  1954   111.3  1990   369.8  1992   382.4  1953   202.5  1943  1116.2  1988
    27.9  2002    52.7  1990    80.2  1968   113.6  1987   150.5  1954   129.7  1991   108.1  2016   113.5  1930    88.6  1982    63.9  1988    38.2  1983    21.7  1990   109.7  1987   365.7  1997   381.9  2008   201.5  1976  1103.5  1954
    27.7  1974    52.5  1954    80.1  1945   110.3  1975   150.1  1947   129.2  2015   108.1  1988   112.1  1941    87.9  1941    63.2  1942    37.9  2001    21.5  1997   109.6  1942   364.7  1967   378.9  2007   200.1  1953  1094.4  2002
    27.7  1948    51.4  1992    80.0  1971   109.3  1961   148.8  1964   129.0  2002   107.4  1993   112.0  1979    87.4  1967    63.0  1932    37.3  1953    21.5  1986   109.5  1992   364.3  2014   373.7  1979   200.1  1932  1091.5  1992
    27.6  1994    51.4  1971    80.0  1942   108.0  1985   147.1  1934   127.9  1942   107.3  2001   111.9  1951    85.0  1946    62.9  1949    37.2  1938    21.3  1939   108.7  1940   362.8  1986   373.0  1944   200.1  1930  1091.1  1979
    27.6  1973    51.1  1941    77.9  1990   108.0  1964   141.3  1973   127.6  2007   107.3  1987   110.7  1952    83.4  1992    62.7  2001    37.1  1963    21.2  1931   107.7  1943   362.1  1934   370.8  1978   198.6  1935  1089.4  1965
    27.2  1968    51.1  1940    76.7  1980   107.5  1979   141.2  1993   127.6  1965   105.5  1979   110.6  1985    83.4  1970    61.0  2004    37.1  1931    21.1  1985   106.7  1948   362.0  1932   368.1  1948   197.5  1940  1088.7  1931
    26.2  1969    50.4  2012    76.4  1932   107.3  1978   141.1  2003   124.7  1944   104.9  1998   108.8  1958    82.8  2008    60.7  2013    37.0  1982    21.0  1988   105.5  1994   361.9  1972   367.5  2001   197.3  1957  1086.9  1987
    25.5  2013    47.7  1976    75.4  1938   107.2  1934   138.9  1986   124.1  2014   102.8  1944   107.9  1934    82.8  1956    60.6  1943    36.9  1946    20.8  2016   103.7  1976   357.9  1985   364.6  1985   196.4  2001  1086.1  1961
    25.0  2014    47.1  1965    73.7  1991   106.5  1947   138.2  1968   123.4  1958   100.5  2002   105.5  1929    81.6  1978    60.1  1991    36.8  1940    20.8  1947   103.6  1935   356.4  1941   364.5  1998   194.3  1992  1083.8  1941
    25.0  2008    46.9  1972    72.3  2006   106.3  1940   136.9  1967   123.2  1931   100.4  1985   100.6  1954    81.6  1976    59.7  2005    36.5  1980    20.7  2015   102.5  1971   354.5  1979   363.2  2002   190.9  1978  1078.1  1964
    24.4  1983    46.1  1958    71.7  1977   104.8  2004   128.9  1972   120.4  1980   100.3  1980   100.3  2011    80.2  1930    58.1  1957    35.2  1951    20.0  1991   102.0  2014   354.1  1998   357.2  1961   190.9  1970  1070.1  1966
    24.3  1942    45.1  2009    69.4  1964   104.6  1944   128.1  1933   118.9  2004   100.3  1953    99.3  1980    79.5  1985    56.0  1933    35.1  1994    20.0  1959    97.6  1980   353.9  1947   350.5  1931   189.5  1966  1065.6  1985
    23.7  1970    45.0  1939    64.6  1996   104.4  1993   127.3  1976   116.4  1990   100.2  1957    96.0  2008    78.7  1980    55.8  1982    35.0  1957    19.9  1971    96.4  1974   343.0  1933   348.3  2012   187.3  1980  1061.2  1998
    23.5  1993    44.2  1974    64.0  1998   104.3  1997   124.0  1970   116.1  1987    99.1  2012    94.3  1943    78.6  1966    55.0  2011    34.4  1939    18.7  1978    95.6  1972   341.1  1993   347.2  1987   184.8  1968  1059.7  1978
    22.9  1966    43.8  1984    63.8  1992   100.0  1933   121.9  1965   115.9  1947    98.6  1970    90.3  1978    78.3  1983    54.2  1940    33.9  2015    18.6  1983    95.1  1966   337.6  1976   346.1  1942   181.4  1983  1046.1  1980
    22.6  1944    43.6  1966    61.9  1957    99.8  1941   119.7  1969   114.8  2017    96.0  1961    86.9  1963    76.9  1984    51.8  1968    32.4  1962    18.2  1980    92.2  1984   333.6  1996   345.1  1954   181.3  1982  1042.0  1983
    21.2  1971    41.6  1980    61.6  1984    99.0  1996   118.4  1944   110.4  2012    93.3  1939    80.9  1948    68.5  1962    51.8  1960    30.0  1984    17.3  1956    86.7  1998   326.2  1964   336.7  1993   177.3  1984  1010.9  1944
    20.9  2016    36.1  1998    59.6  1983    89.9  1992   118.0  2014   109.2  1993    83.8  1931    78.6  1942    67.9  1965    49.1  1935    28.8  1997    15.6  1934    81.4  1993   312.6  1944   320.0  1980   168.8  1962   988.4  1993
    20.3  1996    34.8  1993    58.2  1936    85.3  1937    99.3  1983    99.0  1966                                                                                                     282.4  1983
