Wales Sunshine (Total hours)
Areal series, starting from 1929
Allowances have been made for topographic, coastal and urban effects where relationships are found to exist.
Seasons: Winter=Dec-Feb, Spring=Mar-May, Summer=June-Aug, Autumn=Sept-Nov. (Winter: Year refers to Jan/Feb).
Values are ranked and displayed to 1 dp. Where values are equal, rankings are based in order of year descending.
Data are provisional from January 2017 and Winter 2017.  Last updated 03/07/2017.

     JAN  Year     FEB  Year     MAR  Year     APR  Year     MAY  Year     JUN  Year     JUL  Year     AUG  Year    SEP   Year     OCT  Year     NOV  Year     DEC  Year     WIN  Year     SPR  Year     SUM  Year     AUT  Year     ANN  Year
    82.5  1933   109.1  2008   209.4  1929   222.4  2007   265.4  1948   286.2  1957   297.6  1955   270.8  1947   197.3  1959   119.5  2010    80.7  2006    73.5  2001   216.1  1963   617.1  1948   681.0  1976   357.3  1959  1684.3  1929
    77.0  1940    98.2  2004   170.0  1948   219.3  2015   250.7  1977   277.4  1940   289.1  2013   265.8  1995   179.4  1933   119.2  1994    78.9  1988    63.9  1948   212.1  1933   614.4  1929   679.0  1989   343.4  1971  1653.6  1955
    70.4  1963    97.7  1934   166.1  2003   213.3  1984   243.6  1990   262.1  1975   268.1  1990   256.4  1976   173.4  2015   118.6  1975    77.8  2005    63.4  2008   205.3  1934   550.1  1956   677.2  1995   333.8  1933  1647.7  1949
    69.1  1959    97.6  1986   166.0  1955   210.1  2011   239.8  1989   256.3  1949   261.1  2006   223.9  1955   172.1  1929   117.4  1997    74.2  1989    56.6  1962   202.3  1949   549.6  2010   672.9  1949   333.3  1955  1602.1  1959
    68.9  2001    93.5  1949   155.9  2012   208.1  1938   233.9  1992   246.5  1969   260.6  1984   214.7  1983   165.6  1940   117.1  1947    72.7  1933    55.8  1961   198.9  2008   549.4  2007   656.5  1955   323.6  1999  1598.5  1995
    66.9  2003    89.0  1963   155.2  2011   208.0  1954   231.9  1975   243.0  1960   253.3  1989   210.6  1989   164.3  1971   116.7  1965    72.4  1967    55.7  1960   191.9  2003   548.8  1953   638.0  1975   323.1  2010  1584.8  1933
    62.9  2009    88.9  1996   150.6  1953   205.2  2010   231.2  1929   239.9  2010   239.6  1983   203.8  2005   163.8  1991   116.5  1931    71.4  2016    54.5  1929   189.2  1952   538.3  2011   635.5  2013   321.9  2006  1569.5  1989
    62.8  2010    88.5  1956   146.7  1956   201.1  1945   230.9  1956   238.4  1942   236.3  1971   197.1  1975   155.9  1955   116.3  1971    70.3  2010    54.1  1957   188.7  2010   533.4  1990   631.8  1940   321.6  1929  1561.9  2010
    61.4  1952    87.2  2003   146.2  1933   189.8  1953   224.6  1971   238.3  1929   235.3  1934   195.9  1933   155.6  1996   116.2  1962    68.9  1965    53.7  1944   185.3  2001   527.0  2003   629.3  1959   315.8  1975  1559.8  1975
    60.3  1931    87.1  1975   144.4  1944   187.6  1969   224.4  1949   237.2  1930   235.0  2014   193.1  1937   155.3  1954   114.9  1959    66.9  1955    53.4  1963   182.0  2004   521.6  2016   628.8  1984   310.0  1995  1536.1  2003
    59.8  1965    86.4  1970   141.2  2007   187.6  1951   223.6  1980   232.3  1939   227.6  1949   192.9  1959   154.6  1964   112.5  1999    66.7  1995    53.1  1933   180.0  2015   520.3  1955   625.6  2014   309.8  1986  1527.2  1990
    59.1  2006    85.3  1933   141.1  1949   187.3  1942   221.2  1959   230.3  1932   226.3  1999   192.0  1944   152.4  1949   112.3  1951    65.8  1986    53.0  2009   177.8  1945   512.5  1946   621.2  2006   307.4  1964  1517.1  2006
    59.0  1945    83.3  2001   139.0  1973   187.2  2003   221.1  1966   228.3  1959   218.9  1935   190.8  1998   151.6  2002   110.7  1939    65.8  1952    52.8  1946   177.5  1985   510.2  1949   613.2  1934   305.3  2003  1506.7  2014
    57.9  1991    83.2  1988   136.2  1967   184.3  1990   220.6  2016   224.2  2014   214.0  1997   188.9  1949   150.9  1986   110.5  1955    65.4  2014    52.5  2014   177.0  1959   508.3  1943   599.3  1983   304.9  1988  1506.3  1940
    56.5  1979    83.0  1952   135.8  1931   181.7  1948   219.9  2017   223.8  2006   211.0  1976   185.4  2003   150.8  1939   109.3  1993    65.2  1996    52.1  2007   174.9  1930   504.7  2015   598.6  1996   302.4  2016  1497.5  2007
    56.4  2011    82.9  1985   135.4  1943   177.3  1939   219.7  1997   223.2  2015   208.0  1959   185.3  1935   150.5  2014   109.1  2003    63.1  2013    51.7  1996   171.0  2009   504.7  1944   585.2  1929   298.4  2002  1493.7  1953
    55.5  1992    81.6  1968   132.9  1982   176.5  1946   219.6  1957   221.5  1962   205.4  1996   182.9  1984   150.0  1999   109.0  2016    62.9  1971    50.2  2010   167.7  1936   495.3  1982   584.3  1933   297.9  1947  1493.1  2015
    54.8  1989    81.3  1957   130.6  2009   174.3  1995   214.5  2010   219.8  1951   205.4  1943   181.1  2007   148.8  2006   108.2  1995    62.6  2011    49.9  1970   166.8  1962   490.7  2017   574.2  1969   297.5  2015  1489.6  1984
    54.7  1980    81.3  1932   129.9  2010   174.0  2016   214.0  1998   219.5  1950   201.8  1977   181.0  1991   147.2  1990   107.1  2007    62.1  1948    49.6  1943   166.5  2006   488.5  2012   570.5  1947   297.1  1996  1481.3  1943
    54.5  1934    81.1  1936   129.7  1932   173.9  1929   213.4  1943   218.4  1996   199.8  1929   179.9  1972   146.1  1966   105.5  1953    62.0  1998    48.7  1935   164.8  2002   487.4  1938   566.8  1935   296.8  1939  1471.2  1948
    53.6  1946    81.0  2000   128.8  1946   173.0  1960   212.9  1935   216.2  1995   198.4  1933   179.2  1964   143.7  1972   103.7  1941    61.6  1977    47.2  1938   164.1  1956   485.3  1997   563.8  1990   294.5  2007  1470.8  2013
    53.2  2015    80.8  1955   128.6  2014   172.5  1974   212.6  1961   215.2  1989   195.3  1995   176.3  1981   140.7  1937   103.4  1952    61.5  1975    46.1  1992   162.7  1998   482.8  1995   558.2  2005   293.2  2014  1464.3  2016
    53.0  1985    79.7  1983   127.0  2016   172.5  1956   211.4  2005   213.6  1976   194.6  1994   176.0  1939   137.6  1987   102.7  1956    61.4  1969    46.1  1965   162.5  2000   481.4  1935   556.3  1951   293.1  1940  1458.3  1934
    52.6  1997    78.6  1989   125.5  1972   170.8  1982   209.5  2012   213.0  1934   194.0  1951   175.6  1940   136.4  1934   102.4  1943    61.2  1999    45.8  2004   162.4  1986   480.5  2009   555.6  1957   291.9  1952  1455.6  2011
    52.5  1987    77.9  1959   125.3  1995   170.2  1980   208.5  1953   211.9  1961   189.7  1941   174.8  1996   135.8  1975   101.5  2008    61.1  1961    45.4  1995   161.8  1988   479.3  1984   549.2  1960   291.2  1972  1451.0  1935
    51.3  1994    76.9  2016   124.0  1965   169.2  2017   207.2  1946   211.1  1967   186.7  1953   174.4  1965   135.7  2003   101.0  1936    61.1  1937    44.8  2012   161.1  1997   476.0  1954   547.2  1930   291.0  1937  1438.8  1976
    51.0  2012    75.5  1930   123.1  1950   167.6  1936   207.2  1944   209.5  1970   186.4  1969   173.5  1953   135.1  1995    99.5  1929    61.1  1935    44.8  1951   160.5  1991   475.8  1989   546.6  1950   290.9  1990  1436.9  2005
    50.6  1942    74.9  2014   122.0  1938   165.7  1973   206.2  2001   203.5  2011   182.4  2000   173.3  1990   134.7  1979    99.4  1945    60.8  1985    44.4  1952   158.3  1940   475.1  1945   545.4  1999   290.3  1987  1434.0  1996
    50.5  1929    74.9  1967   121.8  1962   164.6  1955   205.8  2004   201.1  2009   179.7  2011   173.3  1936   134.6  2007    98.3  1969    60.7  1957    44.3  1932   158.2  2005   471.7  1980   545.2  1941   289.0  1949  1430.0  1957
    50.2  2017    74.5  1954   121.6  2015   163.9  2006   204.1  1978   198.0  1992   178.9  1975   172.8  2016   134.3  2005    97.5  2001    60.5  2003    44.2  1967   158.1  2011   470.9  1977   540.2  2015   287.9  2005  1429.2  1956
    49.6  1998    74.3  2015   119.2  1935   163.7  2002   203.0  2000   196.9  1973   178.8  1940   171.3  2000   133.3  2010    96.9  1987    60.4  1976    44.0  1976   156.9  1996   470.2  1957   537.2  1943   287.2  1991  1428.5  1939
    49.3  1954    73.7  1951   118.2  1945   163.4  1962   202.6  1939   196.6  1941   177.7  2005   168.1  1966   131.3  1944    95.5  1988    60.4  1947    43.2  2003   156.6  1941   464.6  2008   536.4  1961   285.9  1997  1421.9  2001
    49.0  1978    73.6  1944   117.4  2008   163.1  1957   199.5  1950   196.5  1943   175.3  1985   167.1  1997   130.9  2009    93.8  1964    60.3  1990    42.4  1983   155.7  1989   464.5  1942   534.5  1953   283.0  1966  1416.2  1997
    48.3  2007    72.9  1948   115.4  2004   161.3  2013   197.9  1984   191.7  2008   174.9  1968   166.3  2014   130.8  2004    93.1  1986    59.7  1993    42.1  1939   155.5  1954   464.1  1950   533.5  1942   280.1  1953  1408.3  2009
    47.9  1941    72.8  2010   113.5  1961   160.0  2008   196.1  1940   191.0  2013   173.9  1946   164.9  1934   130.8  1963    93.1  1950    59.6  1973    41.6  2005   155.1  1979   462.9  1975   528.2  1977   278.9  1993  1405.8  1951
    47.6  1947    72.6  1998   113.2  1997   159.8  2009   194.5  1937   190.0  1933   171.1  1942   164.7  1945   130.4  1988    92.8  1977    59.5  1972    41.6  1984   154.2  1967   459.8  1939   526.2  1939   278.6  1943  1394.8  1942
    47.5  1962    71.6  1939   112.9  1968   159.6  1968   194.4  1988   188.9  2003   169.5  1979   163.2  2004   128.7  1973    92.7  1966    59.3  2012    41.4  1973   153.8  2007   456.6  2000   523.4  1967   278.1  1965  1394.5  1952
    47.2  1967    71.3  2007   112.3  1940   159.5  1943   193.8  1942   187.9  1968   169.0  1950   162.8  1974   127.7  1997    92.6  1944    59.0  1964    41.4  1964   153.8  1968   456.1  1973   523.2  1968   276.3  2012  1393.3  1950
    47.2  1956    70.7  1960   112.2  1958   156.9  1965   191.7  1982   186.6  2004   168.1  2015   161.7  1973   127.6  1978    92.5  2015    58.5  2002    41.2  1979   153.8  1932   453.7  1962   517.0  1973   273.5  1979  1391.9  1960
    46.5  1958    70.4  1943   112.0  2000   155.3  1976   191.4  1987   186.5  1974   167.7  2001   161.0  1931   126.8  2012    92.3  2006    57.5  1950    41.0  2016   152.7  1951   451.8  1974   513.6  2011   273.1  1931  1380.8  2004
    46.2  1950    70.2  2013   111.6  1937   154.0  1994   190.1  2009   185.4  1984   165.3  1972   160.5  1993   126.1  1967    91.7  2004    57.2  1938    40.5  1997   152.1  2013   448.8  2013   511.9  2000   271.2  1973  1379.0  2008
    45.8  2000    69.3  1941   111.4  1985   153.1  1944   189.8  1955   184.2  1963   164.8  1961   160.4  1968   125.4  1953    90.8  1983    56.9  1980    40.1  1936   152.1  1970   445.7  1933   509.8  1994   268.8  1961  1378.1  1977
    45.5  1988    68.7  1981   110.9  1934   152.5  1988   189.6  1936   181.4  1993   164.1  2007   159.7  1961   125.3  1942    90.8  1938    55.9  1943    39.6  1950   151.6  1944   445.5  1951   506.6  2003   267.2  2011  1376.5  1971
    45.5  1935    67.7  2005   109.7  1954   152.4  1997   189.3  1952   180.4  2001   163.3  1967   158.9  1956   124.4  1935    90.5  1979    55.7  1987    39.5  1940   151.5  1987   441.1  1959   503.9  1932   266.2  1967  1375.2  1973
    45.4  1984    65.8  2006   105.8  1986   150.0  2014   189.1  1934   180.0  1956   162.4  1966   158.9  1941   124.3  1960    90.3  1930    55.5  1930    39.1  1994   151.5  1958   439.0  2002   503.7  2001   264.9  1985  1373.2  1962
    45.0  1982    65.8  1991   105.7  1974   149.3  1987   187.2  2008   179.7  1988   161.9  1987   158.1  1950   123.6  1981    90.2  2012    55.3  1936    39.0  2013   151.4  2014   438.4  2004   503.2  2010   264.7  2008  1371.1  1999
    44.9  1949    65.2  1945   105.5  1990   149.3  1935   185.9  1996   178.8  1952   158.8  1982   157.6  1987   122.7  1952    89.9  1985    54.2  2008    38.2  1986   151.3  1931   437.3  2001   503.1  2009   264.6  1998  1370.3  1961
    44.9  1930    63.5  1962   104.2  1978   148.9  1977   185.8  2013   176.7  2005   158.4  1973   156.1  1930   122.0  2016    89.2  1937    54.1  1942    37.9  2002   150.8  1939   436.8  2005   498.3  2004   264.4  1936  1365.0  1944
    44.6  2005    63.0  1942   103.6  2002   147.6  1933   185.8  2007   175.1  1938   157.6  1948   155.6  2001   120.3  1947    88.3  2002    53.4  1963    37.3  1949   150.2  1955   435.6  1965   495.2  1997   264.1  2009  1361.3  1967
    43.3  1990    62.8  1979   103.5  1976   146.3  1972   183.1  1995   175.0  1999   156.6  2016   155.5  2013   120.3  1943    88.0  1972    53.4  1960    37.0  1937   146.7  1957   434.0  1934   494.8  1992   263.6  1930  1353.2  1947
    42.2  1999    60.9  1987   102.8  1970   144.9  1989   175.0  1960   174.4  1953   155.3  2008   154.9  1960   120.2  1961    87.9  1984    52.9  1949    36.8  1990   145.8  1946   433.3  1978   494.1  1962   260.4  1954  1348.8  2000
    41.5  1953    60.5  2012   102.2  1941   144.7  1958   175.0  1951   173.3  1986   154.6  1956   154.8  1977   119.8  2011    87.5  1961    52.7  2007    36.8  1980   145.5  1942   430.9  1960   493.5  1956   260.0  1941  1347.6  1946
    41.3  1957    60.5  1931   101.7  2013   144.7  1949   174.9  1986   171.6  1977   154.3  1991   152.5  1952   118.2  1932    87.0  1998    51.9  1931    36.5  1968   144.8  1975   430.8  1952   492.3  1971   259.5  2004  1345.1  1969
    41.2  1932    59.6  1938   101.6  2017   144.5  1999   173.7  1974   171.0  1945   153.9  1930   151.7  2009   117.8  1930    86.4  1981    51.6  1978    35.8  1978   144.6  1964   428.9  1988   492.2  1993   258.6  1938  1343.4  1941
    40.6  2004    59.4  1973   101.2  1966   144.5  1981   173.6  2003   170.9  1965   151.8  1952   151.2  1994   115.6  1998    85.6  1932    51.4  1951    35.6  1999   143.1  1953   428.2  1987   489.7  1970   257.8  1994  1343.2  1945
    39.7  1972    58.9  1990    99.4  1975   143.8  2005   172.9  2011   163.9  1994   151.3  1963   150.5  1979   115.1  1970    85.2  2009    50.3  1932    35.1  1954   142.4  1992   426.7  1971   485.2  2016   257.8  1962  1333.7  1965
    39.4  1951    58.6  1974    99.2  1994   142.9  1952   171.7  2002   163.1  2017   151.3  1960   150.3  1992   114.2  1985    85.1  1948    50.0  1929    34.6  1969   142.0  1965   425.7  1940   484.8  1974   257.2  1944  1331.1  1988
    38.9  1974    58.6  1946    99.0  1963   142.2  1947   171.1  1985   162.6  1935   150.4  2009   149.3  2010   113.8  1980    84.8  2011    49.6  1945    34.3  1991   141.7  1947   423.4  1961   483.0  1952   256.2  1942  1327.4  1938
    38.6  1948    58.3  2002    98.6  1952   142.0  1983   171.1  1963   161.8  1985   150.3  1993   149.1  2002   112.8  1982    83.7  1949    49.4  1968    34.2  2006   141.6  1981   423.0  2014   482.0  2007   255.2  2001  1323.0  2012
    38.5  1977    58.1  1976    95.9  1930   141.5  2000   169.5  1941   158.8  1937   148.4  2004   149.0  2015   112.8  1941    83.4  1990    49.2  1953    33.6  1945   141.5  1961   423.0  1968   475.5  1979   254.6  1977  1318.9  1930
    38.0  1960    58.0  1929    93.7  1959   141.5  1950   168.5  1962   158.3  2000   147.4  1958   149.0  1967   112.0  1989    82.9  1973    48.3  1979    33.5  1981   141.3  1984   421.7  1958   473.2  1965   254.2  1932  1310.4  1994
    37.8  1936    57.2  1953    93.1  1999   140.5  1979   164.9  1958   156.9  1936   147.0  2012   147.8  1932   110.7  1938    82.7  1991    48.1  2001    33.1  2000   140.1  2012   420.2  1966   472.6  1985   254.0  1989  1310.4  1983
    37.6  2014    56.8  1997    92.8  2001   139.4  1991   163.8  2015   156.5  1982   146.9  1964   147.2  1988   109.9  1993    82.4  1946    48.1  1974    33.1  1987   139.6  1948   419.3  1998   472.2  1937   253.8  1935  1309.9  1985
    37.6  2008    56.0  1994    92.6  1969   138.3  2001   163.4  1979   156.4  1944   146.6  1992   147.1  1929   109.6  2001    82.3  1958    48.0  2009    32.2  1972   138.9  1974   417.7  1936   471.7  1966   252.9  1963  1303.3  1963
    37.2  2016    55.9  1964    91.1  1989   134.0  1934   162.3  2006   155.8  2016   146.4  1980   145.1  1970   109.1  1984    81.7  1940    46.8  1956    32.2  1966   138.0  1977   417.5  1937   468.5  1945   252.0  1978  1303.1  1986
    37.2  1943    55.5  1977    89.5  1993   133.5  1998   161.0  1964   155.5  1979   146.2  1947   144.1  1999   109.0  2008    81.6  1933    46.2  1954    31.9  1941   137.3  1983   414.9  2006   466.9  1972   250.7  1948  1302.2  2002
    37.1  2013    55.2  1982    88.7  2006   131.6  1975   158.8  1970   153.5  1947   145.0  2002   142.4  1951   108.0  1936    81.4  1970    45.8  1940    31.7  1985   137.2  2016   413.5  1992   465.5  1991   250.6  1980  1298.6  1982
    37.0  1966    54.7  1999    87.5  1987   127.3  1970   158.3  1954   153.3  1946   136.5  1962   141.4  1938   105.7  1958    79.9  1980    45.1  1982    31.6  1953   136.1  1960   411.9  1969   457.9  1946   249.9  1981  1296.3  1968
    36.1  1981    54.7  1935    87.5  1957   126.2  1959   157.3  1938   152.6  1958   135.5  1974   141.3  1969   105.0  1968    77.6  2000    45.1  1959    31.4  1931   134.6  2017   411.3  1976   457.1  1964   248.7  1950  1296.1  1937
    35.3  1964    54.3  1969    84.2  1991   125.6  1930   157.0  1991   148.3  1948   135.1  1970   137.6  1957   104.8  1974    77.2  2014    44.3  1983    30.6  1930   134.6  1943   405.5  1967   457.0  1963   247.4  1960  1295.2  1987
    35.2  1995    53.9  1971    83.4  1942   124.9  1978   156.8  1947   146.7  1978   132.9  1981   136.5  2012   104.6  1931    77.0  1974    44.2  1966    30.4  1977   134.5  1971   404.8  1985   454.5  1998   246.2  1951  1292.3  1932
    35.1  1976    53.5  1984    82.9  1960   124.4  1932   155.8  1945   146.4  1954   132.8  1945   136.4  2006   104.4  2000    76.7  1942    44.0  1962    30.0  1958   134.1  1980   404.7  1986   450.7  1936   241.9  1969  1291.9  1974
    34.5  1938    52.6  1992    82.9  1951   124.1  1986   154.8  1965   145.0  1983   132.2  2003   136.1  1962   103.6  1948    76.3  1996    43.9  1984    29.5  1971   133.8  1994   404.7  1972   449.5  1982   241.9  1945  1291.9  1936
    34.3  1955    52.4  1961    82.1  1988   123.9  1971   154.2  1993   142.8  1931   132.1  1978   135.4  1985   103.1  2013    75.8  2005    43.5  1941    29.0  1982   133.7  1982   396.5  1994   447.5  1944   240.9  1984  1291.2  1991
    33.4  1961    51.5  2011    81.9  1964   123.7  1996   154.1  1931   141.4  2002   131.8  1957   135.3  1943   102.4  1994    74.1  2013    43.1  1970    28.8  1998   131.5  1950   394.1  1931   446.3  1988   240.3  2013  1289.4  1998
    33.1  2002    50.9  1958    81.6  2005   123.1  2012   152.4  1976   141.2  1966   129.6  1931   134.2  1982   101.0  1992    73.8  1992    41.3  1992    28.6  2011   131.2  1938   389.1  1941   440.0  1938   239.6  1970  1286.3  1979
    33.1  1986    48.9  1978    79.9  1939   122.3  1985   151.9  1933   136.8  2007   127.9  1965   132.8  1978   100.1  1977    72.8  1978    41.0  1958    28.4  1955   129.5  1990   388.8  1970   439.5  2008   236.3  1934  1285.5  1970
    32.0  1939    48.1  1950    78.2  1971   122.1  1964   151.4  1973   135.9  1998   127.8  1998   130.7  1946    98.1  1950    71.0  1957    40.8  1997    28.1  1947   128.2  1978   380.5  1991   438.7  1981   230.1  1983  1279.9  1966
    31.6  1937    47.9  1995    77.9  1980   120.6  1967   150.5  1968   135.0  1955   125.9  1986   130.5  2011    97.6  1962    69.8  1960    40.7  1991    28.0  1974   125.7  1999   380.5  1963   435.5  2002   229.9  1974  1279.7  1972
    31.1  1970    46.7  1937    73.0  1979   120.3  1993   148.6  1967   134.2  1980   125.8  1932   126.2  1954    95.8  1957    68.7  1963    39.9  1981    27.5  1959   122.7  1935   376.8  1979   433.4  1931   229.1  1958  1278.6  1992
    30.7  1971    45.0  1972    71.8  1998   117.4  1941   144.3  2014   131.0  1964   123.5  1938   125.4  1971    95.0  1983    68.4  1935    38.3  2000    27.3  1989   122.2  1995   375.0  1996   430.2  1987   227.5  1957  1277.9  1954
    30.1  1973    44.7  2009    71.3  1977   117.3  1940   143.3  1994   130.5  1971   120.4  1936   124.0  1942    94.5  1946    67.8  1989    37.0  2004    27.0  1942   121.7  1973   369.6  1999   428.0  1948   225.9  1956  1262.0  1964
    29.7  1975    43.8  1993    70.0  1981   117.2  2004   135.8  1930   130.1  1991   120.2  1937   122.2  1980    92.9  1945    67.6  1967    36.2  1994    26.5  1993   119.4  1976   367.7  1947   419.6  1986   224.7  1982  1254.7  1980
    28.6  1983    43.4  2017    68.7  1947   115.9  1992   132.9  1972   129.5  1981   119.5  1988   122.1  1948    92.6  1965    66.7  1982    35.4  1946    26.2  1975   118.9  1969   367.4  1932   411.5  1978   220.3  2000  1252.7  1931
    28.4  1944    41.4  1947    68.1  1984   111.4  1937   132.0  1999   122.5  1990   117.9  1939   121.6  1963    84.7  1976    65.5  1934    35.3  1939    24.1  1956   118.9  1966   365.0  1964   407.1  1958   216.0  1992  1232.4  1993
    28.2  1969    40.8  1965    65.4  1996   110.3  1963   131.7  1969   121.6  1972   114.0  2010   120.4  1986    82.4  1951    64.4  1976    34.4  1934    23.1  2015   118.5  1937   364.0  1993   402.8  1980   212.2  1946  1230.4  1978
    28.0  1968    39.1  1940    65.4  1983   104.3  1931   126.4  1981   118.4  2012   109.9  1954   107.1  1958    82.3  1969    59.0  1954    33.3  1944    22.5  1934   116.9  1993   357.2  1930   401.9  2012   209.5  1976  1185.2  1958
    26.9  1993    38.1  1980    63.7  1992    97.9  1966   123.0  1983   114.2  1997    99.0  1944    92.5  2008    76.4  1956    49.6  1968    31.5  2015    22.3  1988   114.2  1972   340.9  1981   382.5  1954   204.0  1968  1167.9  1981
    22.6  1996    35.7  1966    60.5  1936    97.4  1961   113.3  1932   110.7  1987                                                                                                     330.3  1983
