England Sunshine (Total hours)
Areal series, starting from 1929
Allowances have been made for topographic, coastal and urban effects where relationships are found to exist.
Seasons: Winter=Dec-Feb, Spring=Mar-May, Summer=June-Aug, Autumn=Sept-Nov. (Winter: Year refers to Jan/Feb).
Values are ranked and displayed to 1 dp. Where values are equal, rankings are based in order of year descending.
Data are provisional from January 2017 and Winter 2017.  Last updated 03/07/2017.

     JAN  Year     FEB  Year     MAR  Year     APR  Year     MAY  Year     JUN  Year     JUL  Year     AUG  Year    SEP   Year     OCT  Year     NOV  Year     DEC  Year     WIN  Year     SPR  Year     SUM  Year     AUT  Year     ANN  Year
    77.3  1959   119.6  2008   172.8  1929   220.7  2015   268.9  1989   284.3  1957   291.9  2006   269.0  1995   191.6  1959   138.4  1959    95.1  2006    75.7  2001   225.1  2015   595.8  1948   755.3  1976   382.7  1959  1746.6  2003
    75.4  2001   108.7  1988   167.9  2012   218.3  2011   248.7  1992   275.4  1940   271.9  2013   264.8  1947   180.8  1929   133.7  2003    92.9  2005    72.8  2014   223.7  2000   588.7  1990   731.0  1989   378.3  1971  1720.2  1995
    73.8  1952   108.6  1949   165.1  2003   217.1  1984   244.8  1948   267.8  1975   261.4  1989   250.1  1976   179.5  1964   130.0  1997    86.2  1988    66.9  2008   220.2  2008   558.8  2011   695.4  1995   373.0  2003  1715.1  1989
    71.1  2003    97.6  1970   165.1  1933   215.6  2007   244.4  1990   254.0  1960   261.2  1990   235.2  1989   174.7  2015   128.6  1971    84.8  1996    65.9  1962   215.6  1949   551.2  1929   694.9  1975   352.8  1999  1696.9  1949
    69.8  2012    96.6  2003   159.8  1995   209.5  1942   237.7  1956   248.5  1969   259.8  1955   222.4  1975   173.6  1991   125.9  2008    84.3  1971    63.6  2009   209.5  2001   549.5  2003   677.2  1959   352.2  1929  1693.0  1959
    69.4  2015    95.0  2000   158.6  1948   206.5  1990   235.1  1943   247.3  1976   257.9  1976   219.9  1933   170.8  2003   125.1  1999    83.9  1989    60.2  1999   206.3  1952   545.1  2009   676.4  2006   351.0  1986  1668.7  1990
    68.6  2000    93.5  2016   156.8  2009   201.3  2010   234.5  1997   244.7  1949   255.0  1934   217.1  1990   169.0  1933   122.0  1995    83.7  1973    59.5  2005   201.5  2003   542.6  1995   671.4  1949   350.2  2006  1636.4  1929
    67.0  1991    91.9  1934   156.0  2007   193.5  2002   229.4  2001   242.0  1970   250.8  1935   214.6  1983   166.9  1986   121.0  1931    83.4  1977    59.0  1946   199.1  1963   535.7  2007   663.2  1933   348.2  1964  1626.0  2006
    67.0  1984    91.4  1989   153.5  1967   192.3  1948   226.5  1929   241.3  1996   246.2  2014   212.4  1991   165.4  1971   119.7  1955    81.5  2016    57.2  1929   197.4  2014   535.6  1982   656.7  1996   336.4  1997  1612.2  1955
    64.8  1965    91.0  1998   150.6  1955   192.0  2003   224.0  1959   239.7  1950   241.4  1959   211.7  2005   164.7  1940   116.8  2011    80.8  1985    56.3  2012   196.2  2002   533.2  1956   642.4  2013   335.6  2007  1611.6  1933
    64.1  1994    87.5  2014   144.9  1982   188.5  1945   222.8  1980   238.6  2010   234.9  1984   211.1  2003   160.9  1979   115.8  2010    79.8  2013    56.2  1967   194.0  2012   531.5  2015   639.3  2014   331.2  1996  1595.7  2014
    63.7  2017    87.3  2001   141.5  1961   185.5  1946   222.6  1949   238.2  1962   233.6  1999   210.4  2016   159.8  2004   115.0  1994    77.5  1947    54.9  2013   194.0  1989   529.7  2010   636.5  1984   331.0  1947  1590.0  2007
    62.4  2007    86.7  2004   141.5  1938   185.2  2017   221.7  1971   234.3  1989   230.8  1983   207.9  1959   159.1  2012   114.3  1930    74.2  2007    54.9  1961   191.1  2004   527.8  1943   633.4  1935   328.8  2016  1586.9  2015
    62.1  1940    85.9  1996   140.9  2014   183.8  1951   220.5  1977   230.7  2006   230.8  1971   206.6  1998   158.9  2006   113.5  1961    74.0  1975    53.6  1965   190.9  1988   527.4  1997   632.1  1940   328.2  1979  1586.7  2009
    61.6  1989    85.2  1943   139.9  1931   183.3  1969   219.1  1940   228.1  1951   229.9  1995   201.6  1949   158.9  1997   112.5  1996    73.4  1998    53.5  2003   186.4  1933   516.6  1955   625.4  1934   328.1  2005  1561.9  2010
    61.2  1963    84.1  1939   137.8  1990   178.9  1954   217.6  1982   227.9  1959   225.0  1949   200.8  2007   157.7  1934   112.5  1981    73.4  1986    53.5  1976   186.3  1934   512.2  2017   616.1  1947   326.7  2011  1561.5  1999
    60.6  2010    83.0  1999   135.1  2011   173.1  1995   217.5  2005   226.9  1942   223.3  1994   200.0  1953   157.6  1954   111.9  1964    73.0  1965    53.4  1994   185.7  1962   511.7  1953   614.9  1983   325.5  1955  1559.9  1976
    60.6  1999    82.9  2015   134.9  1956   173.1  1982   216.3  2009   223.5  1973   222.5  1997   194.6  1935   156.0  1999   111.4  2016    72.7  1969    53.3  1952   183.9  2005   504.8  1949   612.2  1955   323.5  2012  1559.1  1997
    60.2  1931    81.3  1933   133.9  1972   172.7  1968   214.8  1966   222.0  2015   222.4  1996   193.8  2000   155.1  2002   111.3  1956    71.7  1999    53.2  1980   183.4  1999   503.7  1989   609.2  1994   323.4  1988  1557.2  1943
    60.0  1962    80.7  1952   132.7  1953   172.0  2009   211.0  1953   222.0  1933   221.2  1933   193.0  1996   153.7  1981   110.7  1986    70.6  1978    53.1  1984   183.0  1998   500.8  2016   606.7  1969   322.2  1975  1556.8  1975
    59.4  1980    79.5  1955   131.4  1973   170.7  1949   210.8  1935   218.4  1930   213.8  1929   193.0  1955   153.2  2005   110.5  1951    70.1  1972    53.0  2004   182.3  2010   491.5  2012   602.8  2003   318.9  1995  1554.2  2016
    59.2  1967    79.0  1973   130.6  1943   170.0  1939   209.6  1995   215.5  1939   211.4  1969   192.5  1984   152.4  1955   109.8  2007    69.2  1930    52.8  2016   180.3  2007   488.8  2002   600.0  1990   318.2  2010  1553.3  2011
    58.3  1933    78.7  1957   129.2  1945   168.4  2013   209.1  2016   215.2  1994   211.3  1941   191.6  1930   151.6  2007   109.4  1980    68.9  2010    52.6  1948   180.2  2009   488.8  1945   593.1  1950   316.4  1981  1548.7  2001
    58.2  2005    78.1  2002   128.3  2015   168.3  2016   207.0  1944   214.2  1961   204.7  1975   188.7  2014   150.2  2011   109.3  1929    68.8  2012    52.5  1936   178.0  1984   485.2  1942   587.1  1929   316.3  1973  1545.8  2005
    58.1  1986    77.9  1960   127.6  1997   168.0  1953   205.4  2011   212.7  2003   203.3  1943   187.3  1993   147.8  1947   108.7  1983    68.7  2001    52.1  1986   177.8  2006   480.8  1946   583.2  2005   312.3  1940  1539.1  2013
    57.8  1979    77.7  1967   125.8  1944   166.6  1980   205.0  1957   212.5  1967   202.9  1967   187.1  2013   147.5  1953   108.1  1965    68.5  2009    51.8  1951   177.8  1995   476.2  1944   582.7  1951   311.0  1933  1523.0  1940
    56.0  2009    77.0  1990   125.7  2017   166.1  1994   204.4  2004   209.6  1992   199.6  1951   186.9  1981   146.1  1987   106.8  1993    68.5  2003    51.5  1973   176.5  1985   471.5  1980   580.4  1941   310.5  1985  1522.0  1935
    55.9  1934    76.1  1985   125.1  2010   166.1  1938   203.3  2010   209.1  1984   193.9  1946   186.8  1964   145.0  1990   106.1  1938    67.1  1952    51.3  1983   176.3  1967   468.8  1938   578.6  1930   308.8  1949  1512.9  1996
    55.4  1954    74.8  1936   125.0  1965   165.3  1997   202.6  1952   205.7  1929   193.5  2001   185.6  1944   144.7  2009   105.6  1947    66.0  1995    51.2  1957   175.8  2016   467.3  2008   577.7  1999   307.7  1991  1507.8  2008
    55.3  1956    73.8  1946   124.1  1950   164.3  1955   201.8  1961   204.4  2014   191.9  1985   185.5  1997   144.2  1949   105.5  1975    66.0  1943    51.1  2007   171.9  1994   466.4  1959   575.0  1970   306.0  2004  1505.4  1984
    55.0  2014    73.5  2012   123.3  2016   162.1  1943   201.8  1955   203.9  1941   190.8  1977   183.4  1974   143.8  1978   105.4  1962    65.3  1948    51.0  1979   171.7  2013   465.9  1977   571.0  1967   304.1  2009  1505.4  1948
    54.5  1949    73.5  1995   120.4  2008   161.8  1952   201.4  2017   202.5  1986   190.6  2016   182.3  1937   143.4  1982   104.6  2001    64.8  1938    50.7  2011   170.3  1956   460.7  2014   569.5  2001   304.1  2002  1498.5  1952
    54.1  1990    72.6  2005   119.1  1932   160.6  1956   201.4  1998   202.2  2009   190.0  1991   181.9  1940   142.7  1973   104.0  1952    64.6  1979    50.0  1960   170.0  2017   460.2  1935   569.5  1957   303.8  1990  1497.3  1934
    52.8  1932    72.0  1963   118.3  2000   159.9  2006   201.1  1942   202.0  1932   189.6  2008   181.4  2001   142.6  1975   103.8  1987    64.2  1967    49.1  1944   169.9  1939   459.4  1933   564.6  2015   303.6  1961  1489.6  1994
    52.4  1982    71.6  2013   118.0  1968   157.4  1977   197.6  1974   200.6  2008   187.0  1953   180.5  1972   142.3  1937   103.4  1936    64.2  1940    48.9  2010   169.6  1991   454.3  1957   563.5  1960   303.3  2015  1488.2  2004
    51.6  2011    71.6  1983   117.3  1966   156.8  1960   196.5  1978   200.1  2004   186.1  2015   179.7  1936   140.1  1966   103.3  1949    63.2  1960    48.9  1949   167.5  1981   454.2  1939   560.5  2009   302.5  1943  1487.4  1973
    51.5  1988    71.5  1956   116.6  1986   156.1  1950   195.0  1934   198.5  1943   185.6  1964   179.1  1973   139.9  1935   102.6  1979    62.7  1961    48.2  1996   167.0  1987   453.1  2001   557.6  1973   302.0  1978  1471.5  1970
    51.1  1998    70.8  1962   115.2  1993   155.4  1936   194.3  2012   196.5  1995   185.4  1950   177.7  1988   138.2  1943   102.6  1941    62.5  1976    47.6  2006   166.4  1959   452.9  1952   555.9  1943   301.7  1989  1470.5  1967
    51.1  1947    70.3  2007   115.1  1962   155.0  1957   194.0  2008   195.9  2011   182.2  2007   177.0  2009   138.1  1988   101.5  1977    62.1  1929    46.8  2000   164.5  1930   449.3  1973   554.4  1961   300.8  1930  1468.3  1986
    50.9  2004    68.8  1986   114.9  1978   154.9  1999   193.4  1939   195.4  2017   181.4  2009   175.4  2004   137.2  1942   101.0  1985    61.9  1957    46.8  1932   164.2  1943   449.0  1940   551.7  1993   300.6  1980  1462.5  1957
    50.9  1995    68.7  2006   114.7  1994   154.2  1987   193.0  1970   195.0  1934   181.3  1963   175.4  1934   137.0  1970   100.9  1969    61.3  1949    46.5  1954   163.6  1945   448.4  1950   546.7  1952   298.6  1954  1462.1  1953
    50.7  1987    68.0  1948   114.5  1940   153.0  2008   192.5  2003   194.7  2001   179.8  1952   174.8  1961   136.1  1963   100.2  1945    61.2  1937    46.2  1974   162.7  1986   447.7  1992   546.4  2010   298.4  2008  1457.9  1947
    50.7  1958    67.3  1971   113.8  2002   152.6  1976   192.5  1988   193.6  1993   179.0  2003   173.5  1952   135.9  2016    99.1  1988    60.8  1990    46.1  1964   162.5  1983   447.3  2004   544.3  2004   298.2  1987  1455.2  1951
    49.8  1992    66.5  1981   111.9  1935   151.9  1929   192.2  1946   193.3  1952   178.7  1945   170.8  1965   135.2  1944    98.6  1998    60.6  2000    45.9  1970   161.9  1977   446.8  2000   542.6  1997   296.7  1977  1455.1  2012
    49.8  1945    66.5  1950   111.5  1949   151.0  1962   192.0  1964   193.0  2005   178.5  2005   170.7  1994   134.2  1974    98.4  1970    59.7  2011    45.1  1990   161.1  1974   444.4  1974   538.8  1974   293.0  2013  1452.1  1961
    49.7  2006    66.2  1997   110.4  1970   150.6  1947   191.8  2000   192.4  1974   177.9  1979   170.5  1970   133.9  1996    98.3  1950    58.6  1951    45.0  1938   161.0  1955   444.1  2005   537.9  1991   292.0  1998  1448.1  1950
    49.7  1930    66.1  1932   108.8  1930   150.0  1973   189.0  2013   192.2  1963   176.8  2011   168.5  1966   133.5  2010    98.3  1943    58.3  1956    44.2  1993   160.4  1946   441.3  1968   534.9  2007   291.1  1952  1445.2  1971
    49.4  2008    65.5  1992   108.1  1999   149.5  1974   188.1  1986   190.4  1938   174.9  1940   168.1  1950   133.3  1980    98.0  1990    58.0  1980    43.7  1981   160.0  1997   440.7  1987   534.0  1953   290.3  1970  1441.0  2002
    49.3  1976    65.5  1969   107.8  1985   148.8  1991   187.8  1975   190.2  1999   174.0  1948   167.6  1929   132.6  2014    97.3  1939    57.7  1992    43.6  1935   159.0  1968   439.2  1961   532.7  1942   287.8  1965  1438.1  2000
    49.2  1978    64.7  1968   107.8  1958   147.4  2005   187.1  1987   188.1  1935   173.6  1942   165.2  1941   132.0  1939    96.6  2004    57.2  1982    43.5  1963   158.7  1992   436.5  1984   531.4  1992   287.7  2001  1429.0  1982
    48.8  1983    64.6  1945   107.0  2004   146.8  1959   185.1  1963   187.7  1968   173.3  1958   163.9  1932   130.9  1995    96.1  2006    56.9  2008    43.5  1955   157.8  1936   433.5  2013   531.2  2016   286.0  1948  1428.2  1988
    48.5  1935    64.3  1987   106.3  1976   146.4  2014   183.8  1960   185.7  1945   170.8  1993   163.3  1979   128.8  1985    95.9  1984    56.8  1964    43.4  1991   157.3  1932   433.5  2006   523.1  1962   285.1  1938  1412.8  1962
    48.3  1974    64.0  1938   106.2  1934   145.9  1958   182.5  2015   183.4  2013   169.4  1987   161.9  1992   128.1  1989    95.7  2012    56.6  1954    42.7  1975   157.2  1970   433.4  1967   523.1  1945   283.9  1935  1411.8  1942
    48.3  1946    63.7  1941   104.7  1941   143.9  1965   181.5  2002   182.7  1947   169.2  1986   161.8  2012   127.3  1961    95.4  1967    55.4  1950    42.2  1943   157.2  1958   433.4  1951   521.6  1939   282.5  1953  1411.1  1974
    48.0  1957    63.6  1994   103.2  1946   143.5  1944   180.5  1936   174.3  1965   168.8  2004   160.2  1982   127.1  1948    94.9  1958    55.3  1993    42.1  1982   156.9  1990   432.5  1986   518.3  1985   282.0  1937  1411.0  1939
    47.9  1981    63.6  1953   102.7  1989   142.6  1933   180.2  1979   174.2  1937   168.6  1947   159.9  1960   125.9  2013    94.3  2002    54.9  1970    40.9  1988   155.6  1937   432.4  1958   518.2  2011   281.3  1972  1409.7  1956
    47.3  1985    62.8  1951   101.2  1963   137.4  1935   178.7  1958   172.7  1936   168.6  1930   159.8  2002   125.7  1958    93.6  1948    54.7  2002    40.8  1997   155.1  1953   432.1  1970   517.4  1964   280.3  2014  1402.0  1977
    47.1  2016    62.8  1937    99.4  1987   136.7  2000   177.2  1996   171.3  1946   167.7  1982   159.4  1985   123.4  1960    93.4  1992    54.7  1935    40.5  1950   154.2  1980   431.5  1965   512.6  2000   280.3  1951  1400.8  1992
    46.2  1977    62.2  1977    98.8  2006   136.0  1983   176.5  1947   169.5  1983   167.0  2002   158.7  1945   120.0  1998    93.2  2014    54.6  2014    40.4  1992   153.0  1973   431.3  1994   508.6  1979   276.2  1934  1400.4  1969
    45.6  1997    61.3  1974    98.4  1937   135.8  2004   176.1  1937   167.8  1978   165.5  1961   158.6  1939   120.0  1952    93.0  1944    54.1  1931    40.3  1972   150.0  1961   429.9  1971   508.1  1946   276.2  1931  1397.2  1945
    44.1  1951    60.5  1975    97.6  1954   134.0  2001   174.8  2006   167.5  1966   164.1  1972   156.6  2015   119.4  1932    92.0  2000    53.4  1955    39.8  1998   150.0  1950   429.2  1962   506.2  2008   276.1  1942  1395.1  1938
    43.8  2013    59.9  1961    97.2  1974   132.1  1989   174.1  1993   167.4  1979   163.0  1974   155.6  1967   119.1  1972    92.0  1972    53.1  1933    39.5  1941   149.8  1971   427.2  1999   505.8  1986   275.1  1969  1391.9  1946
    43.7  1938    59.9  1944    95.6  1959   131.6  1996   173.3  2014   167.1  2002   162.4  1970   155.1  1951   117.3  1930    91.7  2015    52.7  1959    39.4  1966   149.1  1931   426.1  1976   503.0  1971   275.1  1966  1391.8  1979
    43.6  1943    59.7  1984    94.3  1957   130.7  1972   171.2  1945   167.0  1985   162.4  1966   154.9  1931   116.6  1962    91.2  1932    52.6  1942    39.4  1940   147.8  2011   425.9  1954   500.3  1963   274.7  1944  1390.9  1960
    42.7  1964    59.6  1931    92.6  1971   129.6  1988   168.2  1950   165.8  1988   160.9  2012   154.3  1962   116.4  1968    91.0  2009    52.5  1991    39.3  1977   147.6  1965   424.1  1934   500.0  1998   273.0  1967  1390.3  1930
    42.5  2002    58.0  2010    92.0  1988   129.4  2012   167.9  1973   165.1  2000   159.9  1992   154.1  1943   115.8  2000    89.9  1973    52.5  1966    39.0  1995   147.4  1951   421.8  1978   498.4  1966   272.1  1974  1385.8  1983
    40.8  1939    58.0  1954    90.8  1939   129.0  1981   167.2  1976   164.2  1931   159.2  1956   153.8  2006   115.5  2008    89.6  1989    51.7  1974    38.8  1939   146.7  1982   421.0  1966   496.8  1932   271.6  1939  1384.2  1991
    40.2  1937    57.7  1964    89.7  2001   128.7  1970   166.2  1931   162.1  1948   158.2  2010   153.8  1999   115.0  1992    89.3  1935    51.4  1963    38.5  1933   146.7  1957   419.0  1972   493.9  2002   270.3  1956  1383.5  1985
    40.1  1961    57.5  1991    88.5  1952   128.1  1985   164.2  1999   161.3  1944   155.0  1973   153.1  1938   114.4  2001    88.9  1933    50.1  1981    38.4  1931   146.1  1979   416.7  1931   493.6  1972   268.4  2000  1379.5  1964
    39.4  1936    57.5  1930    88.3  1951   127.8  1986   164.1  2007   159.4  1955   154.2  1998   150.9  1987   114.2  1938    87.9  1953    49.7  2004    38.3  1945   145.9  1960   414.2  1988   491.8  1981   268.3  1963  1378.1  1980
    38.9  1944    57.4  1959    88.0  1977   127.1  1932   163.0  1962   158.8  1980   153.7  2000   150.0  1956   113.4  1967    87.6  1978    49.6  1984    35.7  1985   145.7  1954   410.9  1960   491.7  1977   268.1  1994  1372.8  1998
    38.5  1972    57.3  2009    87.4  1979   125.7  1975   162.5  1965   153.2  1981   151.7  1981   149.6  2010   111.9  1957    87.3  2013    49.6  1936    35.4  1942   145.1  1996   405.2  1936   489.6  1936   268.0  1982  1358.9  1944
    38.3  1948    57.1  1979    85.7  1975   124.4  1992   162.1  1984   152.4  1977   149.6  1960   148.5  1977   111.7  1977    87.0  1957    48.3  1987    35.2  2015   144.0  1975   403.0  1993   489.5  1988   267.2  1958  1347.9  1963
    38.2  1953    55.3  1958    83.3  1991   122.9  1934   161.3  1951   152.3  1982   147.5  1939   146.7  1969   111.4  1950    86.3  1974    47.5  1997    33.7  2002   143.9  1964   402.6  1963   488.4  1938   266.1  1992  1346.2  1993
    38.2  1929    53.5  2017    82.1  1980   122.3  1967   161.2  1938   151.9  2007   146.5  1980   145.5  2011   111.3  1951    86.3  1942    47.2  1953    32.9  1947   141.0  1944   399.3  1975   483.6  1937   265.1  1950  1332.6  1965
    38.1  1968    52.4  1935    81.3  1983   121.5  1979   159.7  1985   150.1  1956   146.0  1988   144.2  1980   109.9  1994    84.4  1954    46.6  1958    32.6  1968   139.9  1938   399.0  1998   480.3  1982   264.0  1962  1327.2  1941
    37.5  1993    51.2  1978    79.2  2005   120.0  1998   157.6  1967   149.1  1972   144.9  1938   143.9  1957   107.5  1983    83.4  1940    46.5  1944    32.2  1953   139.7  1978   397.5  1947   464.7  1948   262.0  1993  1322.0  1987
    37.3  1975    50.6  1982    77.5  1998   117.3  1964   154.4  1972   146.9  1953   141.3  1957   143.2  1978   107.1  1984    82.5  1966    43.2  1994    32.1  1959   139.3  1948   395.5  1985   461.2  1968   260.8  1957  1314.9  1936
    36.7  1971    50.3  1929    76.1  2013   116.3  1963   153.0  1930   145.0  1964   141.2  1968   142.9  1946   106.8  1965    82.0  2005    42.7  1983    32.1  1937   139.3  1947   391.9  1969   460.0  1944   258.9  1983  1312.3  1972
    35.9  1960    47.8  1993    74.6  1992   115.7  1971   151.6  1933   140.1  1954   140.9  1978   134.0  1986   106.5  1946    81.5  1991    42.2  1939    31.7  1958   138.5  1941   389.1  1979   459.3  1956   253.3  1936  1307.2  1978
    35.4  1941    47.4  1942    74.5  1942   115.4  1940   151.0  1941   139.3  1958   137.2  1936   133.2  1971   103.6  1976    81.1  1934    42.0  1962    31.2  1978   138.2  1976   374.5  1930   458.1  1965   252.7  1984  1307.1  1931
    35.0  1942    47.3  2011    70.4  1947   113.7  1993   150.6  1968   139.1  1998   136.8  1931   132.3  1968   102.3  1941    80.8  1963    41.8  1945    30.7  1987   130.4  1969   371.0  1937   455.9  1931   252.7  1960  1300.6  1966
    34.9  1955    46.2  1976    70.3  1960   112.7  1930   150.5  1994   139.0  1971   134.4  1954   132.2  1942   101.5  1969    78.5  1937    41.4  1932    30.0  1971   129.0  1940   370.7  1996   451.9  1978   252.0  1932  1296.6  1981
    34.7  1950    43.8  1980    69.3  1936   110.7  1931   149.4  1954   135.5  1991   130.8  1932   128.9  1958   101.1  1931    76.2  1946    41.1  1941    29.3  1930   125.7  1993   370.7  1991   449.5  1980   246.1  1941  1282.6  1954
    33.7  1973    39.7  1972    68.4  1969   110.4  1978   140.2  1969   134.6  1997   130.6  1962   128.6  1948   100.8  1956    67.4  1982    41.0  1968    29.0  1969   124.7  1935   367.4  1964   441.5  1958   232.4  1945  1278.8  1958
    32.3  1969    36.8  1965    63.0  1981   106.4  1941   138.6  1991   130.2  2016   127.1  1937   126.7  1963   100.3  1936    66.0  1960    39.2  1946    25.8  1989   121.8  1942   362.2  1941   440.5  2012   229.5  1976  1271.7  1937
    30.6  1970    36.1  1966    61.9  1996    96.5  1937   138.4  1981   121.7  1990   113.1  1965   123.8  1954    99.9  1993    63.3  1976    37.3  1934    23.8  1934   120.3  1966   354.5  1932   437.5  1987   221.9  1946  1268.9  1932
    30.5  1966    29.1  1947    58.1  1964    95.8  1961   122.9  1983   117.9  2012   113.1  1944   116.0  2008    90.4  1945    60.5  1968    37.0  2015    20.0  1956   108.1  1972   340.2  1983   398.2  1954   217.8  1968  1255.7  1968
    20.2  1996    28.1  1940    57.2  1984    88.9  1966   108.3  1932   117.1  1987                                                                                                     330.4  1981
