UK Maximum Temperature (Degrees C)
Areal series, starting from 1910
Allowances have been made for topographic, coastal and urban effects where relationships are found to exist.
Seasons: Winter=Dec-Feb, Spring=Mar-May, Summer=June-Aug, Autumn=Sept-Nov. (Winter: Year refers to Jan/Feb).
Monthly values are ranked and displayed to 1 dp and seasonal/annual values to 2 dp. Where values are equal, rankings are based in order of year descending.
Data are provisional from January 2017 and Winter 2017.  Last updated 03/07/2017.

     JAN  Year     FEB  Year     MAR  Year     APR  Year     MAY  Year     JUN  Year     JUL  Year     AUG  Year    SEP   Year     OCT  Year     NOV  Year     DEC  Year     WIN  Year     SPR  Year     SUM  Year     AUT  Year     ANN  Year
     9.0  1916     9.8  1998    12.1  2012    15.7  2011    16.9  1992    20.6  1940    23.2  2006    22.7  1995    19.2  2006    15.6  1921    11.7  2011    10.7  2015    8.61  1989   13.54  2011   20.96  1976   14.84  2006   13.54  2014
     8.7  2007     8.9  2008    11.9  1938    15.2  2007    16.8  2017    19.9  1976    22.2  1983    22.7  1947    18.8  1959    15.4  1959    11.3  1994     9.1  1988    8.38  2016   13.35  2007   20.58  1995   14.57  2011   13.48  2003
     8.6  1989     8.9  1945    11.8  1948    13.6  2003    16.8  2008    19.7  1970    22.1  2013    21.6  1997    18.8  1949    15.2  1969    11.0  2015     9.0  1974    8.34  2007   13.29  2017   20.47  2006   14.49  1959   13.38  2006
     8.5  1932     8.8  1990    11.2  2003    13.5  1914    16.8  1919    19.4  2006    21.6  1976    21.5  1975    18.5  1929    15.1  1995    10.6  1938     8.9  2016    8.16  1998   13.20  2003   20.25  2003   14.28  2014   13.34  2011
     8.4  1921     8.6  2002    11.2  1961    13.3  2009    16.4  1990    19.3  1960    21.5  1934    21.4  1976    18.3  2016    15.0  2001    10.5  2006     8.9  1934    8.11  2008   13.08  1945   20.19  1933   13.85  1949   13.26  2007
     8.2  1990     8.6  1961    11.2  1957    13.3  1943    16.4  1911    19.1  2010    21.5  1921    21.3  2003    18.3  1933    14.9  2006    10.4  2014     8.7  2013    8.05  1975   13.07  1948   20.19  1911   13.81  2005   13.22  1921
     8.1  2008     8.6  1914    11.1  1929    13.2  2014    16.3  2001    19.1  2003    21.4  1995    21.2  1955    18.2  2014    14.6  2005    10.4  2003     8.6  1921    7.98  2014   12.96  2014   20.02  1947   13.70  1995   13.21  1959
     8.1  2005     8.4  1997    11.0  1945    13.2  1946    16.3  1989    19.1  1992    21.4  1989    21.2  1911    18.2  1999    14.5  2011    10.3  1997     8.5  1953    7.85  2017   12.86  1990   19.91  1983   13.66  1999   13.21  1949
     8.1  1983     8.3  1949    10.9  2017    13.1  1945    16.3  1959    19.1  1950    21.4  1911    20.6  1984    17.9  2003    14.4  1945    10.3  1978     8.4  1971    7.77  1990   12.84  2009   19.91  1975   13.60  2009   13.09  1997
     8.1  1975     8.3  1943    10.7  1997    12.9  2015    16.3  1940    19.0  1957    21.3  1955    20.6  1983    17.8  2005    14.3  2014    10.2  1913     8.4  1942    7.74  1949   12.78  1943   19.73  2013   13.59  2015   13.08  1990
     7.9  2002     8.2  1920    10.6  1990    12.9  1987    16.2  1960    19.0  1933    21.2  2014    20.6  1933    17.7  1991    14.1  2013    10.1  2002     8.4  1924    7.70  1943   12.61  1959   19.73  1955   13.58  2001   13.05  2005
     7.9  1974     8.1  2011    10.6  1933    12.9  1944    16.2  1952    18.6  2014    20.9  1933    20.5  1990    17.6  1971    14.1  1971    10.1  1953     8.3  1994    7.62  1935   12.60  1997   19.56  1949   13.51  1945   13.04  1989
     7.9  1944     8.1  2007    10.5  2014    12.8  1952    16.2  1947    18.6  1949    20.7  1994    20.2  1959    17.6  1947    14.0  1978    10.1  1939     8.2  2006    7.57  2002   12.52  1952   19.55  1989   13.46  2003   13.00  2004
     7.8  1993     8.1  2000    10.3  1950    12.7  2010    16.1  1918    18.6  1930    20.5  1999    20.1  1991    17.5  2011    14.0  1949    10.0  2009     8.2  1918    7.56  1995   12.48  2002   19.52  1959   13.46  1947   12.99  1995
     7.7  1923     8.1  1989    10.1  2007    12.7  1955    15.9  1998    18.5  2005    20.4  2003    20.0  2004    17.5  1958    13.9  2007    10.0  2001     8.2  1912    7.55  2005   12.45  2012   19.46  1984   13.45  2007   12.98  2002
     7.5  2012     8.1  1926    10.1  2002    12.7  1949    15.8  2016    18.5  1925    20.4  1949    20.0  1944    17.5  1941    13.9  1968    10.0  1951     8.1  1954    7.45  2012   12.45  1961   19.35  1934   13.45  1978   12.96  2016
     7.5  1957     8.0  1928    10.0  1991    12.6  2002    15.8  1964    18.4  2017    20.3  1984    20.0  1935    17.4  1961    13.8  2009     9.9  2007     8.0  2004    7.44  1999   12.44  1933   19.33  1997   13.43  1971   12.96  1999
     7.4  2014     8.0  1918     9.9  2009    12.6  1912    15.8  1922    18.4  2009    20.3  1935    19.9  1937    17.4  1934    13.8  1977     9.9  1986     8.0  1998    7.44  1925   12.40  2004   19.28  1935   13.43  1921   12.93  2015
     7.4  1949     7.9  2017     9.9  2000    12.5  1942    15.7  2004    18.3  1975    20.1  1990    19.8  2013    17.3  2002    13.8  1947     9.8  1995     7.9  1983    7.40  1974   12.40  1999   19.26  2014   13.34  1997   12.85  1945
     7.4  1938     7.9  1995     9.9  1998    12.3  2004    15.7  1953    18.3  1934    20.1  1959    19.7  2016    17.3  1921    13.7  2015     9.7  2004     7.8  1997    7.38  1932   12.37  1992   19.12  1921   13.33  1913   12.82  2009
     7.3  2016     7.9  1992     9.9  1943    12.2  2017    15.7  1917    18.2  2004    20.1  1941    19.7  2002    17.3  1911    13.7  1996     9.7  1999     7.7  2011    7.36  1957   12.37  1938   19.07  2005   13.26  2016   12.68  1911
     7.2  2000     7.8  2014     9.8  2011    12.2  1999    15.5  1999    18.2  1959    20.0  1991    19.6  2000    17.2  2004    13.7  1989     9.7  1948     7.7  1985    7.28  1920   12.31  1957   18.99  2009   13.23  1938   12.67  2008
     7.2  1999     7.8  1939     9.8  1953    12.2  1997    15.5  1970    18.2  1941    19.9  1997    19.6  1949    17.2  1955    13.5  1990     9.7  1917     7.7  1911    7.27  2004   12.16  1912   18.98  1990   13.20  2002   12.65  1933
     7.2  1928     7.5  1946     9.6  2005    12.2  1948    15.4  2000    18.2  1921    19.9  1925    19.6  1932    17.1  2000    13.5  1954     9.6  1946     7.7  1910    7.27  2000   12.15  2008   18.95  2016   13.15  1953   12.64  2000
     7.1  2004     7.4  2004     9.6  1989    12.2  1926    15.4  1956    18.0  1973    19.8  1975    19.4  2012    17.1  1981    13.4  2016     9.6  1931     7.6  1986    7.27  1921   12.14  1960   18.95  2010   13.13  2013   12.63  1943
     7.1  1976     7.4  1935     9.6  1959    12.1  1984    15.3  2009    18.0  1947    19.8  1971    19.4  1996    17.0  2009    13.4  1979     9.6  1928     7.6  1980    7.23  1923   12.10  1921   18.94  1940   13.11  2004   12.63  1934
     7.1  1930     7.3  1980     9.5  1999    12.1  1960    15.3  1937    18.0  1917    19.8  1923    19.3  2009    17.0  1998    13.4  1965     9.5  1920     7.6  1972    7.07  1992   12.02  1998   18.92  2004   13.10  1958   12.60  1998
     7.1  1925     7.3  1974     9.5  1973    12.0  1980    15.2  2014    18.0  1915    19.7  1926    19.3  2005    17.0  1964    13.4  1920     9.4  1981     7.6  1956    7.04  1916   12.00  2010   18.88  1925   13.07  1989   12.59  1938
     7.0  1998     7.3  1967     9.4  1927    12.0  1961    15.2  2011    17.9  1989    19.6  2010    19.3  2001    17.0  1926    13.3  1985     9.4  1964     7.6  1948    7.04  1913   12.00  1940   18.82  1996   13.07  1951   12.54  1953
     6.9  1969     7.2  2012     9.4  1921    12.0  1933    15.2  1948    17.9  1939    19.5  1982    19.3  1939    16.9  1939    13.3  1943     9.4  1955     7.6  1941    7.01  1937   11.97  2000   18.72  1999   13.05  1929   12.52  1914
     6.9  1937     7.2  1921     9.4  1920    12.0  1921    15.2  1943    17.9  1936    19.5  1969    19.3  1916    16.8  1989    13.2  1984     9.4  1945     7.5  1984    6.96  1976   11.96  2005   18.70  1950   13.02  1941   12.50  1975
     6.9  1934     7.1  2016     9.3  2004    11.9  2005    15.1  1982    17.9  1914    19.4  2008    19.3  1914    16.8  1945    13.2  1972     9.3  1992     7.5  1977    6.94  1988   11.95  1953   18.68  1914   12.91  1994   12.48  1948
     6.8  1920     7.1  1999     9.2  1992    11.9  1982    15.1  1980    17.8  2016    19.4  2005    19.2  1989    16.8  1914    13.2  1913     9.3  1984     7.5  1959    6.91  1950   11.94  1944   18.65  1994   12.90  1920   12.47  1957
     6.7  2017     7.1  1982     9.2  1981    11.9  1959    15.1  1978    17.8  1986    19.4  2001    19.2  1981    16.7  1997    13.1  1999     9.3  1983     7.5  1951    6.90  1922   11.90  1929   18.63  1969   12.89  1970   12.44  2001
     6.7  2015     7.1  1971     9.2  1972    11.9  1957    15.1  1945    17.8  1968    19.4  1945    19.2  1973    16.7  1982    13.1  1986     9.3  1963     7.5  1931    6.87  2015   11.88  1946   18.57  2001   12.89  1955   12.43  1976
     6.7  1994     7.1  1950     9.2  1935    11.8  1974    15.0  2012    17.8  1966    19.4  1943    19.2  1926    16.7  1980    13.1  1962     9.2  1982     7.4  2014    6.87  1993   11.86  1982   18.55  1941   12.87  1969   12.39  1971
     6.7  1988     7.1  1934     9.2  1912    11.7  1993    15.0  2006    17.8  1911    19.4  1917    19.1  1936    16.7  1936    13.1  1957     9.2  1959     7.4  2007    6.82  1973   11.82  2015   18.54  1973   12.84  1914   12.37  1994
     6.7  1981     7.0  1993     9.1  2015    11.6  1995    15.0  1988    17.7  2007    19.3  2016    18.9  1999    16.6  2013    13.0  1997     9.1  1970     7.4  1955    6.82  1967   11.82  1914   18.53  1970   12.83  1961   12.36  2013
     6.5  1995     7.0  1957     9.1  1994    11.6  1990    15.0  1971    17.7  1996    19.3  1996    18.9  1945    16.6  2010    13.0  1963     9.1  1924     7.4  1936    6.81  1914   11.78  2016   18.53  1926   12.81  1933   12.36  2012
     6.5  1962     7.0  1938     9.1  1993    11.5  1939    14.9  1921    17.7  1988    19.3  1952    18.9  1938    16.6  1996    13.0  1961     9.0  2005     7.3  2003    6.79  1911   11.76  1989   18.52  1932   12.76  2000   12.35  1983
     6.5  1943     7.0  1913     9.1  1923    11.5  1938    14.8  2007    17.7  1982    19.3  1947    18.8  2015    16.6  1973    13.0  1958     9.0  1960     7.3  1987    6.67  2003   11.68  1949   18.48  1945   12.76  1991   12.32  1982
     6.5  1935     7.0  1912     9.1  1910    11.4  1996    14.8  2003    17.7  1910    19.2  2009    18.8  2006    16.6  1970    12.9  2010     9.0  1954     7.3  1975    6.66  1946   11.64  1993   18.47  1982   12.73  1928   12.29  1984
     6.5  1926     6.9  1959     9.0  1967    11.4  1937    14.8  2002    17.6  1993    19.1  1929    18.8  1970    16.6  1953    12.9  1970     9.0  1947     7.3  1949    6.66  1912   11.60  1950   18.45  1917   12.72  1979   12.29  1961
     6.4  2006     6.8  2003     9.0  1966    11.3  2006    14.8  1997    17.6  1942    19.0  1967    18.8  1969    16.6  1915    12.9  1941     8.9  2008     7.3  1932    6.62  1972   11.56  1956   18.44  1937   12.72  1964   12.25  1992
     6.4  2003     6.8  1988     9.0  1956    11.3  1916    14.8  1995    17.6  1932    19.0  1951    18.8  1953    16.5  2007    12.9  1927     8.9  1929     7.3  1929    6.61  2006   11.55  1991   18.43  1992   12.72  1948   12.21  1935
     6.4  1971     6.8  1975     8.9  2016    11.2  1968    14.8  1933    17.5  1995    18.9  1977    18.7  1942    16.5  1985    12.9  1925     8.9  1914     7.2  1991    6.61  1981   11.55  1918   18.40  2008   12.69  1996   12.18  1939
     6.4  1948     6.8  1923     8.9  2010    11.2  1964    14.8  1929    17.5  1969    18.8  1914    18.7  1919    16.5  1951    12.9  1914     8.8  2012     7.2  1945    6.58  1944   11.48  1942   18.39  2002   12.68  1982   12.18  1926
     6.4  1927     6.8  1911     8.9  1977    11.2  1954    14.8  1912    17.5  1963    18.7  2011    18.6  1998    16.5  1938    12.8  1951     8.8  1979     7.2  1922    6.57  1948   11.47  1981   18.37  1957   12.66  1939   12.18  1913
     6.3  1973     6.8  1910     8.9  1936    11.1  2008    14.7  1939    17.5  1920    18.7  1946    18.6  1940    16.5  1917    12.8  1910     8.8  1958     7.1  2005    6.55  1971   11.47  1939   18.34  2000   12.65  1968   12.16  1988
     6.3  1950     6.7  2001     8.8  1978    11.1  1965    14.7  1936    17.4  1984    18.7  1928    18.6  1918    16.5  1913    12.7  1975     8.8  1949     7.1  1966    6.48  1961   11.39  1995   18.32  1991   12.63  1984   12.14  1973
     6.3  1924     6.7  1962     8.7  1968    11.1  1940    14.6  1920    17.4  1967    18.6  1992    18.6  1913    16.4  1966    12.7  1953     8.8  1940     7.0  2000    6.47  1927   11.39  1988   18.30  1944   12.62  1963   12.12  1960
     6.2  1992     6.7  1953     8.7  1926    11.0  1992    14.5  1976    17.4  1961    18.6  1950    18.5  2008    16.4  1956    12.7  1937     8.8  1916     7.0  1979    6.46  1939   11.38  2001   18.28  1939   12.59  1990   12.11  1991
     6.2  1968     6.7  1937     8.6  1983    11.0  1988    14.5  1949    17.4  1935    18.6  1944    18.5  2007    16.3  1969    12.6  1942     8.7  2000     7.0  1973    6.40  1926   11.37  1920   18.25  1936   12.59  1986   12.10  1944
     6.1  1967     6.7  1927     8.6  1982    11.0  1976    14.5  1944    17.3  2015    18.5  2015    18.4  1952    16.2  1995    12.6  1938     8.7  1989     6.9  1919    6.39  1960   11.34  1927   18.24  1960   12.59  1934   12.08  1955
     5.9  1913     6.7  1925     8.6  1952    11.0  1947    14.5  1942    17.3  2008    18.5  2004    18.4  1950    16.2  1937    12.6  1916     8.7  1941     6.8  2002    6.37  1938   11.32  1926   18.22  1943   12.54  1954   12.08  1947
     5.9  1911     6.6  2015     8.6  1918    11.0  1928    14.5  1934    17.3  1943    18.5  1979    18.3  1994    16.1  2015    12.5  2000     8.6  2013     6.8  1957    6.34  1984   11.31  1911   18.21  1967   12.52  1943   12.04  1920
     5.8  2011     6.6  1958     8.5  2008    11.0  1915    14.4  2010    17.2  2013    18.5  1918    18.3  1930    16.1  2008    12.5  1994     8.6  1991     6.8  1947    6.33  2001   11.29  1974   18.20  2015   12.50  1998   12.03  1928
     5.8  1964     6.6  1948     8.5  1940    10.9  1985    14.4  2005    17.2  2000    18.4  2002    18.3  1927    16.1  1987    12.5  1988     8.6  1975     6.7  2012    6.31  1958   11.24  1980   18.19  1930   12.45  1983   12.02  1918
     5.8  1960     6.6  1922     8.4  1963    10.9  1981    14.4  1910    17.2  1945    18.4  1987    18.2  2010    16.1  1978    12.5  1983     8.6  1971     6.6  1993    6.31  1930   11.23  1935   18.18  1952   12.45  1946   11.95  1946
     5.7  2009     6.5  1973     8.4  1944    10.9  1972    14.3  1981    17.1  2011    18.4  1985    18.2  1982    16.1  1942    12.5  1928     8.5  1990     6.6  1913    6.28  1983   11.17  1954   18.17  1942   12.41  2008   11.94  1967
     5.7  1996     6.4  2009     8.3  1946    10.8  1963    14.3  1954    17.1  1953    18.4  1973    18.2  1980    16.0  1968    12.4  2004     8.5  1935     6.5  1999    6.18  1980   11.13  2006   18.07  2007   12.37  1916   11.92  1937
     5.7  1953     6.4  2005     8.2  1988    10.7  1991    14.3  1950    17.1  1919    18.4  1972    18.2  1967    16.0  1967    12.4  1948     8.5  1922     6.5  1915    6.18  1928   11.11  1972   18.02  1918   12.33  1977   11.91  1974
     5.6  2013     6.4  1976     8.2  1939    10.7  1975    14.3  1916    17.1  1913    18.4  1964    18.2  1934    16.0  1948    12.4  1933     8.4  1988     6.4  1990    6.17  1994   11.10  1971   17.97  1953   12.33  1936   11.90  1932
     5.6  1958     6.4  1966     8.2  1914    10.7  1969    14.3  1915    17.0  2002    18.4  1958    18.2  1925    16.0  1946    12.4  1930     8.4  1974     6.4  1989    6.10  1954   11.09  1973   17.95  2011   12.32  1975   11.87  1970
     5.6  1939     6.4  1964     8.2  1913    10.6  1994    14.3  1913    17.0  1965    18.4  1957    18.1  1987    16.0  1928    12.3  1976     8.4  1956     6.4  1982    6.09  1933   11.08  1910   17.85  1915   12.30  1911   11.87  1936
     5.5  1970     6.3  1977     8.1  1960    10.6  1971    14.2  1966    17.0  1951    18.4  1937    18.1  1977    15.9  2012    12.3  1967     8.4  1943     6.4  1958    6.06  1934   11.05  1964   17.79  1938   12.29  1956   11.87  1929
     5.5  1922     6.2  2006     8.0  1974    10.6  1967    14.2  1946    17.0  1937    18.4  1912    18.1  1968    15.9  1979    12.3  1936     8.4  1932     6.3  2001    6.05  2009   11.04  1994   17.79  1913   12.27  1937   11.85  1964
     5.5  1918     6.2  1933     8.0  1954    10.6  1962    14.1  1993    16.9  2001    18.3  1948    18.1  1964    15.9  1935    12.3  1934     8.3  1998     6.3  1967    6.03  2013   11.02  1936   17.76  1968   12.26  1960   11.85  1940
     5.4  1972     6.1  1987     7.9  1965    10.6  1935    14.1  1974    16.9  1994    18.3  1932    18.1  1958    15.9  1919    12.3  1924     8.3  1973     6.3  1930    6.01  1918   11.01  1913   17.76  1951   12.24  1981   11.83  1950
     5.4  1961     6.1  1932     7.9  1949    10.6  1930    14.1  1961    16.9  1962    18.3  1927    18.1  1915    15.8  1975    12.2  2008     8.3  1972     6.3  1926    6.00  1997   11.00  1965   17.76  1929   12.22  2010   11.78  1993
     5.4  1956     6.1  1915     7.9  1928    10.5  2016    14.1  1931    16.8  1983    18.2  2000    18.0  2014    15.8  1943    12.2  1998     8.3  1957     6.2  1970    5.94  1952   11.00  1915   17.73  2012   12.22  1924   11.77  1942
     5.4  1951     6.0  1972     7.8  1995    10.5  2000    14.1  1927    16.8  1979    18.2  1986    18.0  2011    15.8  1940    12.2  1982     8.3  1930     6.2  1965    5.88  1962   10.96  1928   17.68  1919   12.21  1973   11.77  1930
     5.4  1946     5.9  1984     7.8  1932    10.5  1927    14.0  1965    16.8  1952    18.2  1942    18.0  1974    15.8  1930    12.2  1966     8.2  1987     6.1  2008    5.88  1953   10.95  1978   17.65  1981   12.21  1942   11.76  1958
     5.4  1931     5.9  1952     7.7  1986    10.5  1913    14.0  1928    16.8  1938    18.1  1916    18.0  1971    15.8  1920    12.1  2003     8.2  1976     6.1  1938    5.83  1924   10.92  1976   17.65  1958   12.21  1940   11.73  2010
     5.4  1914     5.8  1960     7.7  1971    10.4  2013    14.0  1925    16.8  1922    18.0  2007    18.0  1961    15.7  2001    12.1  2002     8.1  2016     6.1  1920    5.83  1915   10.92  1919   17.63  1971   12.19  1930   11.72  1980
     5.4  1910     5.8  1944     7.7  1915    10.4  2001    13.9  1991    16.8  1918    18.0  1956    18.0  1943    15.7  1990    12.1  1960     8.1  1980     6.1  1914    5.82  1931   10.86  1987   17.63  1961   12.16  1988   11.72  1925
     5.3  2001     5.8  1931     7.6  1934    10.4  1958    13.9  1973    16.7  1974    18.0  1924    18.0  1928    15.7  1960    12.1  1956     8.1  1961     6.0  1943    5.72  1959   10.82  1963   17.60  1964   12.14  1972   11.72  1912
     5.3  1991     5.7  2013     7.5  1942    10.3  1956    13.9  1957    16.7  1926    17.9  1981    17.9  1988    15.7  1916    12.0  1991     8.1  1927     6.0  1940    5.72  1945   10.81  1977   17.59  1966   12.10  1967   11.71  1996
     5.3  1915     5.5  1981     7.5  1941    10.3  1953    13.9  1935    16.6  1999    17.9  1953    17.9  1917    15.6  1988    12.0  1955     8.1  1918     5.9  1944    5.71  1964   10.81  1947   17.58  1998   12.10  1917   11.70  1977
     5.3  1912     5.5  1916     7.5  1930    10.3  1925    13.8  2013    16.5  1997    17.8  2012    17.8  1957    15.6  1963    12.0  1940     8.0  1968     5.8  1992    5.67  1919   10.80  1984   17.58  1923   12.06  2012   11.68  1910
     5.2  1986     5.4  1965     7.4  2001    10.3  1911    13.8  1977    16.5  1980    17.8  1963    17.8  1929    15.6  1932    12.0  1931     8.0  1967     5.8  1964    5.65  1966   10.78  1968   17.55  1979   12.06  1935   11.67  1969
     5.2  1984     5.4  1924     7.3  1925    10.2  2012    13.8  1958    16.5  1978    17.7  1998    17.8  1923    15.6  1910    11.9  1950     8.0  1944     5.8  1928    5.61  1978   10.77  1966   17.48  1988   12.04  1985   11.64  1972
     5.2  1936     5.3  1951     7.2  1985    10.2  1950    13.8  1914    16.5  1955    17.7  1960    17.7  1992    15.5  1983    11.9  1915     8.0  1936     5.8  1923    5.59  1987   10.77  1934   17.48  1910   12.04  1931   11.63  1981
     5.1  1982     5.3  1941     7.2  1976    10.2  1934    13.7  1985    16.4  1998    17.7  1940    17.7  1972    15.5  1976    11.8  1987     8.0  1934     5.7  1978    5.55  1968   10.76  1967   17.46  1977   12.02  1987   11.63  1951
     5.1  1965     5.1  1996     7.2  1924    10.1  1998    13.7  1938    16.4  1958    17.7  1939    17.7  1960    15.4  1984    11.8  1973     8.0  1926     5.6  1960    5.44  1965   10.73  1937   17.45  1993   12.01  1976   11.62  1941
     5.1  1954     5.1  1994     7.2  1922    10.1  1931    13.7  1930    16.4  1931    17.7  1938    17.7  1921    15.3  1992    11.8  1946     8.0  1912     5.5  1946    5.42  1991   10.62  1922   17.42  1928   12.00  1957   11.61  1978
     5.0  1978     5.1  1985     7.2  1911    10.1  1924    13.6  1986    16.4  1924    17.7  1936    17.7  1910    15.3  1924    11.8  1929     7.9  1977     5.4  1969    5.34  2011   10.59  1985   17.37  1916   11.98  1966   11.61  1916
     4.9  1997     5.0  1970     7.1  2006    10.1  1920    13.6  1984    16.3  1990    17.7  1930    17.5  1965    15.2  1977    11.8  1911     7.9  1942     5.3  1952    5.32  1956   10.58  1930   17.33  1986   11.95  1980   11.60  1966
     4.8  1919     4.8  2010     6.9  1975    10.1  1919    13.6  1924    16.3  1964    17.6  1966    17.4  1993    15.2  1944    11.7  1964     7.9  1937     5.3  1939    5.30  1970   10.54  1925   17.32  1974   11.90  1927   11.60  1924
     4.7  1933     4.8  1936     6.8  1984    10.0  1923    13.5  2015    16.3  1944    17.6  1931    17.4  1966    15.2  1923    11.7  1935     7.8  1996     5.1  2009    5.29  1955   10.51  1955   17.29  1946   11.82  1962   11.59  1968
     4.5  1977     4.6  1954     6.8  1931     9.9  1979    13.5  1969    16.3  1929    17.6  1913    17.3  1979    15.1  1954    11.7  1923     7.8  1911     5.1  1968    5.26  1985   10.37  1970   17.27  1963   11.82  1926   11.59  1952
     4.5  1952     4.6  1940     6.7  1980     9.8  1973    13.4  1994    16.3  1912    17.5  1993    17.3  1978    15.0  1950    11.6  2012     7.7  1933     5.0  1996    5.03  1969   10.35  1931   17.26  1980   11.67  1932   11.59  1915
     4.4  1966     4.4  1991     6.5  1987     9.8  1929    13.3  1963    16.2  1948    17.5  1961    17.3  1951    14.9  1994    11.5  1918     7.5  1962     5.0  1963    5.01  1996   10.34  1924   17.25  1927   11.56  1944   11.54  1954
     4.3  1980     4.4  1930     6.4  1996     9.8  1918    13.2  1987    15.9  2012    17.5  1915    17.3  1941    14.9  1993    11.5  1912     7.5  1950     5.0  1962    4.95  1982   10.34  1923   17.22  1948   11.54  1965   11.53  1927
     4.3  1955     4.2  1978     6.4  1979     9.8  1910    13.2  1972    15.9  1956    17.4  1968    17.2  1948    14.9  1972    11.4  1944     7.3  1966     4.8  1937    4.89  1936   10.26  1916   17.21  1987   11.53  1992   11.47  1956
     4.3  1947     4.1  1983     6.4  1970     9.6  1977    13.1  1926    15.9  1954    17.3  1974    17.2  1946    14.8  1986    11.3  1952     7.3  1921     4.8  1925    4.87  1986   10.20  1975   17.04  1924   11.49  1922   11.44  1931
     4.0  1959     4.0  1968     6.3  1955     9.5  1951    12.9  1975    15.9  1946    17.2  1970    17.1  1931    14.8  1962    11.2  1922     7.2  2010     4.7  1935    4.81  1977   10.14  1983   17.03  1931   11.47  1950   11.43  1987
     3.6  2010     4.0  1917     6.3  1951     9.4  1983    12.9  1962    15.8  1981    17.2  1962    16.8  1954    14.8  1922    11.1  1980     7.1  1969     4.7  1917    4.81  1942   10.01  1932   16.95  1978   11.44  1910   11.42  1923
     3.6  1942     3.9  1919     6.2  1964     9.4  1936    12.8  1951    15.5  1985    17.2  1919    16.7  1985    14.7  1965    11.1  1939     6.9  1993     4.6  1961    4.53  1951   10.00  1958   16.94  1962   11.42  1915   11.28  1965
     3.5  1929     3.2  1979     5.8  1958     9.4  1932    12.8  1932    15.5  1928    17.1  1980    16.7  1962    14.7  1927    11.1  1932     6.4  1965     4.6  1916    4.50  2010    9.98  1996   16.91  1972   11.19  1918   11.24  1985
     3.2  1985     3.2  1955     5.8  1919     9.2  1989    12.7  1967    15.4  1977    17.1  1978    16.7  1924    14.6  1957    11.0  1919     6.4  1925     4.2  1995    4.46  1941    9.96  1917   16.91  1965   11.15  1925   11.24  1922
     3.1  1987     3.0  1956     5.8  1917     9.2  1970    12.7  1955    15.1  1987    17.0  1910    16.5  1963    14.5  1931    10.5  1993     6.2  1985     4.2  1933    4.13  1929    9.93  1986   16.90  1985   11.12  1912   11.20  1986
     2.9  1917     3.0  1942     5.6  1969     9.0  1966    12.7  1941    15.1  1927    16.9  1988    16.4  1920    14.3  1974    10.5  1926     6.2  1952     3.8  1976    3.94  1940    9.92  1969   16.82  1920   10.89  1923   11.16  1919
     2.7  1945     2.9  1969     5.6  1962     9.0  1941    12.5  1983    15.1  1923    16.5  1920    16.1  1922    14.1  1925    10.2  1981     5.9  1910     3.5  1927    3.86  1979    9.77  2013   16.66  1912   10.82  1974   11.15  1962
     2.6  1979     2.9  1929     5.6  1937     8.9  1978    12.5  1979    15.0  1971    16.4  1954    16.0  1986    14.0  1918    10.2  1917     5.8  1923     3.0  1950    3.82  1917    9.75  1941   16.60  1956   10.79  1993   11.13  1917
     2.2  1941     1.9  1963     5.3  1947     8.7  1922    12.4  1968    14.8  1991    16.2  1965    15.9  1956    13.9  1912    10.0  1992     5.8  1915     2.9  1981    3.41  1947    9.68  1962   16.35  1954   10.68  1919   11.08  1979
     2.0  1940     1.4  1986     5.1  2013     8.4  1986    12.2  1996    14.6  1916    16.2  1922    15.2  1912    13.6  1952     9.8  1974     5.1  1919     2.4  2010    2.63  1963    9.60  1979   16.34  1922   10.37  1952   10.87  1963
     0.9  1963     0.1  1947     5.1  1916     8.3  1917    12.0  1923    14.5  1972                                                                                                      9.53  1951
