England Mean Temperature (Degrees C)
Areal series, starting from 1910
Allowances have been made for topographic, coastal and urban effects where relationships are found to exist.
Seasons: Winter=Dec-Feb, Spring=Mar-May, Summer=June-Aug, Autumn=Sept-Nov. (Winter: Year refers to Jan/Feb).
Monthly values are ranked and displayed to 1 dp and seasonal/annual values to 2 dp. Where values are equal, rankings are based in order of year descending.
Data are provisional from January 2017 and Winter 2017.  Last updated 03/07/2017.

     JAN  Year     FEB  Year     MAR  Year     APR  Year     MAY  Year     JUN  Year     JUL  Year     AUG  Year    SEP   Year     OCT  Year     NOV  Year     DEC  Year     WIN  Year     SPR  Year     SUM  Year     AUT  Year     ANN  Year
     6.9  1916     7.1  1990     8.7  1938    11.6  2011    13.0  2008    16.4  1976    19.3  2006    18.5  1997    16.5  2006    13.1  2001     9.5  1994     9.4  2015    6.49  2016   10.05  2011   17.01  1976   12.41  2006   10.78  2014
     6.7  2007     6.9  1998     8.6  1957    11.0  2007    13.0  1992    15.9  2017    18.7  1983    18.5  1995    16.0  1949    12.8  2006     9.3  2011     7.5  1934    6.20  2007   10.03  2017   17.00  2006   12.20  2011   10.61  2006
     6.7  1921     6.7  1945     8.4  2017    10.2  1943    12.9  2017    15.9  1940    18.0  2013    18.1  1947    15.9  2016    12.8  2005     9.2  2015     7.3  1974    6.11  1989    9.91  2007   16.91  2003   11.82  2014   10.58  2011
     6.3  2008     6.6  2002     8.1  2012    10.0  2014    12.6  1999    15.7  2003    18.0  1995    18.0  1975    15.4  1999    12.6  1995     8.7  1938     6.9  1988    5.99  1975    9.84  2014   16.76  1995   11.29  2005   10.38  2007
     6.2  1990     6.5  1961     8.0  1990     9.6  2009    12.6  1998    15.7  1950    17.7  1989    18.0  1911    15.3  1929    12.6  1921     8.3  2014     6.6  1953    5.98  1990    9.58  1945   16.63  1911   11.25  2009   10.32  2002
     6.2  1975     6.3  1926     7.9  1997     9.6  1987    12.6  1989    15.6  2006    17.7  1976    17.8  2003    15.0  2011    12.5  1969     8.3  2009     6.4  1918    5.80  2014    9.57  1999   16.54  1947   11.22  1949   10.32  1990
     6.1  1983     6.2  2011     7.8  1961     9.6  1949    12.6  1964    15.6  1970    17.7  1921    17.7  1990    14.9  2014    12.3  2014     8.2  2002     6.3  1912    5.76  1998    9.45  2003   16.53  1983   11.14  2001   10.29  1999
     5.8  1989     6.2  1997     7.8  1948     9.6  1945    12.6  1952    15.3  1992    17.7  1911    17.4  1955    14.9  2005    12.3  2011     8.2  1997     6.2  1954    5.69  1935    9.42  1992   16.45  1933   11.10  1995   10.27  2003
     5.7  2005     6.2  1914     7.6  1998     9.5  1961    12.6  1947    15.3  1960    17.6  2014    17.2  2004    14.8  1961    12.2  2013     8.1  1939     6.2  1924    5.45  2008    9.41  2009   16.28  1975   11.10  1959   10.25  2004
     5.7  1932     6.1  1995     7.5  2014     9.5  1944    12.5  1919    15.2  2005    17.5  1994    17.2  1933    14.7  1933    12.1  1968     8.0  2003     6.1  2006    5.42  1995    9.32  1943   16.19  2013   11.06  1999   10.21  2005
     5.5  1993     6.0  2014     7.5  1991     9.4  1946    12.5  1911    15.1  2010    17.5  1934    17.0  1984    14.6  1959    12.1  1959     8.0  1978     6.1  1994    5.35  1943    9.31  1990   16.17  1997   11.02  1978   10.21  1989
     5.5  1974     5.9  2017     7.5  1945     9.3  2003    12.3  1922    15.1  2004    17.3  1933    16.9  2016    14.6  1958    11.6  1990     8.0  1953     6.1  1985    5.27  1925    9.28  1998   16.13  2016   10.84  2015   10.18  2015
     5.5  1944     5.8  2007     7.4  1981     9.3  1914    12.3  1918    15.0  2014    17.2  2003    16.9  1983    14.6  1947    11.6  1954     8.0  1951     6.1  1971    5.20  2017    9.26  2002   16.09  1959   10.80  2004   10.16  1997
     5.4  2014     5.8  2000     7.3  2003     9.2  2004    12.2  1990    15.0  1947    17.2  1999    16.9  1959    14.5  2004    11.5  1989     7.9  2006     6.1  1942    5.13  1999    9.25  1952   16.03  1989   10.80  1913   10.15  2016
     5.3  2016     5.8  1918     7.2  2002     9.1  1999    12.2  1970    14.9  1982    17.1  2010    16.9  1932    14.5  2000    11.5  1949     7.8  1913     6.0  2016    5.13  1949    9.23  1961   15.99  2004   10.79  1945   10.15  1949
     5.3  2012     5.6  1989     7.2  1994     9.1  1993    12.2  1960    14.8  2016    17.1  1923    16.8  2013    14.4  1998    11.4  1978     7.7  1984     6.0  2013    5.09  1957    9.20  1959   15.91  1935   10.73  2016   10.12  1921
     5.3  2002     5.6  1946     7.1  2000     9.0  1959    12.1  2016    14.8  2007    16.9  1941    16.8  2002    14.4  1989    11.4  1945     7.7  1946     6.0  1921    5.09  1923    9.18  1997   15.89  2014   10.70  2013   10.09  1995
     5.3  1999     5.5  1943     7.1  1989     9.0  1952    12.1  2014    14.8  1966    16.8  1991    16.8  1991    14.3  1991    11.3  2009     7.6  1963     6.0  1910    5.07  1916    9.09  2004   15.89  1949   10.70  1989   10.04  1959
     5.3  1938     5.4  1935     7.1  1950     8.9  2015    12.1  2011    14.8  1933    16.8  1975    16.8  1976    14.3  1980    11.3  1977     7.5  2004     5.8  1911    5.05  2002    9.07  1948   15.87  2005   10.67  2002   10.00  1998
     5.2  1930     5.4  1928     7.0  2007     8.9  2002    12.1  2001    14.8  1930    16.8  1959    16.7  1944    14.3  1926    11.1  1996     7.5  1982     5.7  1977    5.03  1974    8.97  1933   15.84  2010   10.66  1938    9.96  2009
     5.1  1976     5.4  1920     7.0  1999     8.8  2017    12.1  1953    14.7  1917    16.8  1955    16.6  2009    14.2  2009    11.1  1971     7.5  1917     5.6  2011    5.01  2005    8.97  1912   15.84  1955   10.64  1997    9.95  2000
     5.1  1969     5.3  2008     6.9  1992     8.8  1955    12.1  1917    14.6  2009    16.8  1949    16.6  2001    14.2  1981    10.9  1979     7.4  1999     5.6  1997    5.01  1921    8.93  2012   15.80  1990   10.62  1968    9.86  1994
     5.0  1988     5.3  1980     6.9  1933     8.7  2010    12.0  1940    14.6  1959    16.8  1935    16.5  2012    14.1  2003    10.8  1984     7.4  1995     5.5  1986    4.97  2012    8.93  1957   15.78  2009   10.61  1947    9.86  1945
     5.0  1957     5.2  1966     6.9  1912     8.7  2005    11.9  2009    14.6  1957    16.7  2016    16.4  2000    14.1  1985    10.8  1913     7.4  1986     5.5  1959    4.96  1920    8.90  2008   15.76  1994   10.58  1984    9.84  2008
     5.0  1923     5.2  1949     6.8  2009     8.7  1926    11.9  2006    14.5  2000    16.7  2001    16.4  1949    14.1  1970    10.7  2015     7.4  1928     5.4  2002    4.95  1988    8.86  2005   15.72  2001   10.57  2007    9.76  1911
     4.9  2004     5.1  2004     6.8  2005     8.6  1948    11.8  2004    14.5  1993    16.5  2005    16.4  1937    14.1  1941    10.7  2007     7.3  1970     5.4  1987    4.92  2004    8.83  2000   15.72  1984   10.56  1994    9.68  1938
     4.9  1949     5.1  1992     6.8  1959     8.5  1997    11.8  2003    14.5  1973    16.5  1971    16.3  1989    14.1  1936    10.7  1985     7.3  1931     5.4  1956    4.89  2000    8.82  1960   15.66  1921   10.56  1970    9.67  2001
     4.9  1948     5.1  1974     6.8  1927     8.5  1995    11.8  1959    14.5  1935    16.5  1947    16.3  1935    14.1  1934    10.6  2016     7.2  2007     5.4  1949    4.87  1913    8.78  1993   15.63  1934   10.44  1982    9.65  1983
     4.8  1998     5.1  1950     6.8  1921     8.5  1960    11.7  2007    14.4  1949    16.5  1925    16.2  2008    14.0  2002    10.6  1986     7.2  1981     5.3  2000    4.85  1937    8.65  1989   15.58  1999   10.41  1921    9.65  1943
     4.8  1994     5.1  1939     6.7  1967     8.5  1942    11.7  2000    14.4  1941    16.4  1969    16.2  1996    14.0  1982    10.6  1965     7.1  2001     5.3  1998    4.78  1950    8.65  1938   15.51  1950   10.39  2000    9.62  1957
     4.8  1925     5.1  1937     6.7  1920     8.5  1937    11.6  2002    14.4  1934    16.4  1926    16.2  1973    14.0  1973    10.6  1910     7.1  1983     5.3  1983    4.69  1948    8.65  1920   15.50  2002   10.39  1958    9.60  1934
     4.7  1937     5.1  1923     6.5  2011     8.5  1933    11.6  1945    14.3  1968    16.3  1997    16.0  2006    14.0  1921    10.5  1961     7.1  1964     5.3  1979    4.65  1912    8.63  2015   15.49  1992   10.39  1951    9.58  1948
     4.7  1928     5.0  1967     6.5  1977     8.4  1912    11.6  1937    14.3  1925    16.3  1990    16.0  1999    13.9  1971    10.5  1958     7.0  1992     5.3  1972    4.59  1976    8.59  1921   15.49  1982   10.37  1969    9.56  2012
     4.6  2000     4.9  1912     6.5  1936     8.3  2006    11.6  1912    14.3  1910    16.3  1967    16.0  1942    13.9  1956    10.5  1957     7.0  1945     5.3  1955    4.56  1911    8.54  1981   15.48  2008   10.36  1961    9.56  1961
     4.6  1920     4.8  1999     6.3  1943     8.3  1992    11.5  2012    14.2  1986    16.3  1952    16.0  1939    13.9  1955    10.4  2004     6.9  2008     5.3  1948    4.55  1967    8.53  1940   15.36  1996   10.34  2003    9.53  1992
     4.5  1943     4.8  1957     6.2  2015     8.2  1982    11.5  1943    14.2  1963    16.2  2008    16.0  1926    13.9  1945    10.4  1999     6.9  1948     5.3  1929    4.54  1932    8.50  1991   15.36  1925   10.34  1953    9.53  1976
     4.3  2015     4.7  2016     6.2  2004     8.2  1980    11.5  1933    14.1  1994    16.2  1945    16.0  1916    13.9  1939    10.4  1967     6.8  1960     5.2  2004    4.52  1914    8.44  1914   15.33  1973   10.32  1990    9.51  1975
     4.2  2003     4.7  1977     6.2  1993     8.2  1964    11.4  1988    14.1  1989    16.1  2009    15.9  2015    13.9  1911    10.4  1963     6.8  1955     5.2  1951    4.50  2003    8.39  2010   15.33  1932   10.31  1929    9.49  1982
     4.2  1995     4.7  1925     6.2  1978     8.2  1957    11.4  1976    14.1  1961    16.1  1984    15.9  2005    13.8  2007    10.4  1947     6.8  1947     5.2  1932    4.50  1993    8.39  1994   15.32  1970   10.27  1946    9.49  1953
     4.2  1981     4.6  1938     6.2  1972     8.2  1939    11.4  1920    14.1  1936    16.0  1996    15.9  1981    13.8  1997    10.4  1943     6.6  2000     5.2  1922    4.49  1972    8.38  1927   15.31  1952   10.23  1963    9.49  1914
     4.2  1935     4.6  1910     6.1  1966     8.1  1947    11.3  1995    14.1  1911    16.0  1992    15.8  1969    13.8  1964    10.3  1988     6.6  1959     5.1  2014    4.47  1922    8.37  2016   15.29  2000   10.22  1954    9.48  1933
     4.1  2006     4.5  1993     6.1  1952     8.0  1996    11.3  1956    14.0  2008    16.0  1982    15.8  1914    13.8  1951    10.3  1976     6.6  1954     5.1  1980    4.46  1973    8.35  1988   15.26  1937   10.21  1971    9.46  2013
     4.1  1973     4.5  1982     6.1  1935     8.0  1985    11.2  1913    14.0  2002    16.0  1957    15.7  1994    13.8  1913    10.3  1970     6.6  1924     5.1  1941    4.44  2015    8.33  1944   15.23  2015   10.17  1983    9.45  1988
     4.1  1971     4.4  1988     6.1  1923     8.0  1972    11.1  2005    14.0  1984    15.9  1951    15.7  1953    13.7  2013    10.3  1942     6.5  2012     5.0  1993    4.36  1961    8.30  1982   15.23  1969   10.11  1991    9.43  1913
     4.1  1927     4.4  1958     6.0  1983     8.0  1940    11.1  1997    14.0  1975    15.9  1928    15.7  1952    13.7  2010    10.3  1920     6.5  1990     4.9  1984    4.35  1930    8.30  1950   15.23  1941   10.09  1941    9.36  1971
     4.1  1924     4.4  1921     6.0  1968     7.9  1963    11.1  1993    14.0  1945    15.8  2015    15.7  1936    13.7  1917    10.3  1916     6.5  1940     4.9  1931    4.30  1946    8.29  1995   15.22  1957   10.05  1998    9.35  1935
     4.0  1996     4.4  1913     6.0  1929     7.9  1921    11.1  1982    14.0  1921    15.8  1946    15.7  1918    13.6  1978    10.2  2010     6.4  1935     4.9  1919    4.29  1992    8.28  2006   15.22  1945   10.05  1979    9.34  1926
     4.0  1926     4.4  1911     6.0  1926     7.8  2008    11.1  1925    14.0  1914    15.8  1944    15.6  1998    13.6  1969    10.2  1998     6.4  1920     4.9  1915    4.26  1994    8.22  1949   15.21  1944   10.05  1948    9.33  1984
     3.9  1967     4.3  1975     5.9  2010     7.8  1994    11.1  1921    13.9  2015    15.8  1943    15.6  1970    13.6  1966    10.2  1972     6.4  1914     4.8  2007    4.24  2001    8.18  1964   15.20  1940   10.04  1977    9.29  1960
     3.9  1962     4.3  1971     5.9  2008     7.8  1988    11.1  1916    13.9  2011    15.7  1985    15.6  1938    13.5  1968    10.2  1930     6.3  1991     4.8  1989    4.24  1939    8.17  1913   15.19  2007   10.03  1934    9.27  1939
     3.9  1950     4.3  1948     5.9  1988     7.8  1975    11.0  1971    13.9  1998    15.7  1912    15.6  1919    13.5  1953    10.2  1925     6.3  1987     4.8  1966    4.23  1960    8.16  1953   15.18  1991   10.02  1939    9.25  1967
     3.9  1939     4.2  2001     5.9  1973     7.8  1930    11.0  1965    13.9  1996    15.6  2004    15.5  2007    13.5  1948    10.1  2000     6.3  1979     4.8  1947    4.20  1926    8.16  1911   15.16  1926   10.01  1933    9.24  1973
     3.9  1913     4.1  1976     5.8  1960     7.8  1920    11.0  1924    13.9  1988    15.6  2002    15.5  1982    13.5  1946    10.1  1962     6.3  1974     4.8  1936    4.17  1980    8.15  2001   15.15  1914    9.93  1996    9.23  1991
     3.8  2017     4.1  1922     5.8  1913     7.8  1916    10.9  1981    13.9  1983    15.6  1979    15.5  1980    13.4  1987    10.1  1937     6.3  1932     4.7  2003    4.16  1938    8.14  1926   15.14  1917    9.92  2008    9.22  1947
     3.8  1968     4.0  2009     5.7  1982     7.7  1990    10.9  1978    13.9  1952    15.6  1964    15.5  1958    13.4  1942    10.1  1934     6.3  1929     4.7  1945    4.06  1971    8.13  1939   15.11  1967    9.92  1928    9.19  1920
     3.8  1934     4.0  2005     5.7  1956     7.7  1965    10.9  1973    13.9  1943    15.6  1950    15.5  1943    13.4  1938    10.1  1927     6.3  1916     4.6  2012    4.05  1944    8.09  1972   15.07  2012    9.88  1924    9.18  1928
     3.7  2011     4.0  1973     5.7  1914     7.7  1928    10.9  1936    13.9  1942    15.6  1937    15.5  1930    13.3  2008    10.0  1997     6.2  1989     4.6  1913    4.04  1981    8.09  1918   15.07  1943    9.85  1960    9.17  1993
     3.6  1960     4.0  1964     5.7  1910     7.6  2000    10.9  1934    13.9  1938    15.6  1932    15.4  2011    13.3  1995    10.0  1983     6.2  1968     4.5  1975    3.99  2006    8.05  1946   15.04  1930    9.84  1955    9.15  1944
     3.5  1951     4.0  1962     5.6  2016     7.6  1998    10.8  2015    13.9  1931    15.6  1929    15.4  1971    13.3  1984    10.0  1966     6.2  1949     4.5  1973    3.97  1984    8.00  1967   14.96  1942    9.83  1930    9.15  1937
     3.5  1936     4.0  1959     5.6  1940     7.6  1984    10.8  1954    13.8  2001    15.6  1917    15.4  1945    13.3  1983    10.0  1960     6.1  2013     4.4  1991    3.93  1983    7.95  1947   14.92  1998    9.82  1914    9.14  1970
     3.5  1915     3.9  2015     5.6  1928     7.6  1968    10.8  1948    13.8  1965    15.6  1914    15.3  2010    13.3  1967    10.0  1941     6.1  2005     4.3  1999    3.93  1927    7.87  1966   14.89  1936    9.78  1920    9.13  1930
     3.4  2013     3.9  2012     5.5  1939     7.6  1935    10.8  1944    13.8  1920    15.5  1987    15.3  1987    13.3  1930    10.0  1914     6.1  1958     4.3  1958    3.92  1928    7.86  1942   14.88  1939    9.76  1964    9.13  1918
     3.4  1992     3.9  1972     5.5  1918     7.6  1927    10.8  1910    13.7  1997    15.5  1986    15.3  1967    13.2  1996     9.9  1938     6.1  1957     4.3  1914    3.87  1915    7.85  1928   14.85  1960    9.75  1981    9.10  1974
     3.4  1972     3.9  1953     5.4  1963     7.5  1991    10.7  1986    13.7  1995    15.4  1958    15.3  1950    13.2  1935     9.9  1933     6.1  1941     4.2  2005    3.85  1966    7.83  1973   14.83  1953    9.75  1916    9.09  1950
     3.4  1970     3.8  2003     5.4  1954     7.5  1976    10.7  1969    13.7  1967    15.3  2012    15.3  1927    13.1  2001     9.9  1928     6.0  1980     4.1  1990    3.83  1954    7.83  1910   14.82  2011    9.72  1987    9.07  1946
     3.4  1911     3.8  1933     5.3  1953     7.5  1974    10.7  1958    13.7  1939    15.3  2007    15.3  1925    13.1  1992     9.9  1924     6.0  1977     4.1  1965    3.79  1958    7.81  1965   14.75  1964    9.71  2010    9.05  1966
     3.3  1984     3.8  1927     5.2  1974     7.5  1934    10.7  1939    13.7  1937    15.3  1977    15.2  1992    13.1  1924     9.8  2002     6.0  1930     4.0  1957    3.67  2013    7.79  1936   14.74  1938    9.68  1986    9.04  1977
     3.3  1956     3.7  2006     5.1  1995     7.5  1913    10.7  1931    13.7  1919    15.3  1973    15.2  1964    13.1  1914     9.8  1994     5.9  1972     4.0  1930    3.67  1933    7.77  1976   14.72  1981    9.67  1943    9.02  1932
     3.3  1922     3.7  1915     5.0  2001     7.4  2001    10.7  1929    13.7  1915    15.3  1956    15.2  1921    13.0  2012     9.8  1991     5.9  1961     3.9  1982    3.62  1918    7.77  1963   14.70  1923    9.65  1976    9.02  1912
     3.3  1918     3.6  1960     4.9  1930     7.4  1967    10.6  2010    13.7  1913    15.2  1998    15.2  1917    13.0  1988     9.8  1982     5.9  1944     3.9  1926    3.57  1978    7.77  1954   14.69  1958    9.64  1980    9.01  1958
     3.3  1912     3.5  1934     4.8  1965     7.3  2016    10.6  1966    13.6  2013    15.2  1981    15.1  1968    13.0  1979     9.8  1948     5.8  1975     3.9  1920    3.55  1919    7.75  1935   14.67  1961    9.62  1911    9.00  1964
     3.2  2001     3.4  1987     4.8  1946     7.3  1981    10.6  1950    13.6  1953    15.2  1948    15.1  1961    13.0  1975     9.6  2008     5.8  1943     3.8  1970    3.54  1997    7.74  1977   14.65  1971    9.61  1956    8.95  1980
     3.2  1961     3.4  1931     4.8  1944     7.3  1979    10.6  1927    13.6  1924    15.2  1927    15.1  1940    13.0  1937     9.6  1975     5.8  1934     3.8  1938    3.53  1952    7.74  1937   14.60  1968    9.61  1935    8.94  1978
     3.2  1910     3.3  1951     4.8  1915     7.3  1931    10.5  1980    13.5  1999    15.1  2011    15.1  1928    13.0  1915     9.6  1953     5.8  1926     3.7  1978    3.45  2009    7.73  1956   14.57  1993    9.60  1967    8.93  1936
     3.1  1986     3.3  1916     4.8  1911     7.3  1915    10.5  1961    13.5  1980    15.1  1953    15.0  2014    12.9  1976     9.6  1946     5.8  1912     3.7  1967    3.45  1931    7.71  1978   14.57  1979    9.60  1957    8.93  1910
     3.0  1991     3.2  1984     4.7  1986     7.2  2013    10.5  1949    13.5  1979    15.1  1918    15.0  1988    12.9  1932     9.5  1987     5.7  2016     3.6  1960    3.36  1924    7.71  1974   14.56  1966    9.59  2012    8.92  1968
     3.0  1965     3.1  1944     4.7  1971     7.2  1971    10.5  1942    13.5  1912    15.0  1993    15.0  1957    12.8  1990     9.5  1950     5.7  1976     3.5  2008    3.35  1962    7.69  1987   14.56  1951    9.56  1966    8.91  1955
     3.0  1958     3.0  1952     4.6  2006     7.2  1962    10.4  1991    13.4  2012    15.0  1972    15.0  1929    12.8  1977     9.4  2012     5.7  1971     3.5  1992    3.25  1945    7.67  1980   14.54  1918    9.54  1985    8.91  1951
     3.0  1953     2.9  2013     4.6  1949     7.2  1950    10.4  1985    13.4  1969    15.0  1942    15.0  1915    12.8  1960     9.4  1951     5.7  1956     3.5  1940    3.23  1959    7.66  1968   14.52  1928    9.54  1942    8.90  1969
     2.9  2009     2.9  1994     4.6  1942     7.2  1923    10.4  1974    13.4  1964    15.0  1931    15.0  1913    12.8  1943     9.4  1923     5.7  1927     3.4  2001    3.22  1953    7.66  1934   14.49  1929    9.52  1917    8.89  1924
     2.9  1931     2.9  1941     4.6  1941     7.2  1911    10.4  1915    13.4  1932    14.9  2000    15.0  1910    12.7  1963     9.3  1940     5.7  1911     3.4  1943    3.20  1955    7.65  1930   14.47  1988    9.49  1988    8.88  1981
     2.9  1914     2.9  1932     4.6  1934     7.1  2012    10.3  1930    13.4  1922    14.9  1939    14.9  1934    12.7  1950     9.3  1929     5.6  1998     3.3  1944    3.15  1987    7.64  1971   14.45  1987    9.48  1973    8.85  1954
     2.8  1978     2.8  1965     4.6  1925     7.1  1969    10.3  1914    13.3  1990    14.9  1936    14.9  1923    12.7  1916     9.3  1911     5.6  1973     3.2  1923    3.11  1968    7.61  1929   14.42  1910    9.48  1936    8.85  1925
     2.8  1964     2.8  1924     4.4  1984     7.1  1954    10.2  2013    13.2  1978    14.9  1930    14.8  1977    12.6  2015     9.2  1956     5.5  1950     3.1  1928    3.03  2011    7.59  1925   14.36  1980    9.44  1975    8.82  1996
     2.7  1946     2.7  1981     4.4  1980     7.1  1938    10.2  1994    13.2  1974    14.9  1924    14.8  1974    12.6  1920     9.2  1935     5.4  1996     3.0  2009    3.02  1964    7.57  1985   14.36  1913    9.43  1940    8.82  1972
     2.6  1954     2.6  2010     4.4  1976     7.0  1953    10.2  1928    13.2  1958    14.8  1970    14.7  1972    12.6  1919     9.0  2003     5.4  1936     3.0  1964    2.99  1970    7.54  1919   14.35  1986    9.39  1937    8.81  1927
     2.5  1982     2.6  1970     4.4  1975     7.0  1925    10.1  1972    13.2  1955    14.8  1961    14.6  1978    12.5  1940     9.0  1936     5.4  1933     2.9  1969    2.95  1965    7.49  1915   14.35  1915    9.35  1927    8.80  2010
     2.5  1919     2.4  1930     4.4  1932     6.9  1958    10.1  1938    13.2  1951    14.8  1916    14.6  1960    12.5  1928     8.9  1973     5.4  1922     2.9  1939    2.90  1991    7.45  1923   14.32  1948    9.29  1926    8.80  1916
     2.4  1966     2.3  1996     4.4  1922     6.9  1910    10.0  1977    13.1  1962    14.7  1960    14.6  1948    12.4  1994     8.9  1955     5.3  1918     2.8  1952    2.88  1977    7.40  1983   14.30  1919    9.21  1932    8.79  1952
     2.4  1952     2.1  1985     4.3  1985     6.8  1966    10.0  1963    13.1  1948    14.7  1938    14.5  1979    12.4  1954     8.9  1944     5.2  2010     2.7  1996    2.87  1934    7.33  1922   14.27  1931    9.20  1950    8.77  1987
     2.3  1977     2.1  1954     4.2  1979     6.8  1919    10.0  1946    13.1  1926    14.6  1974    14.5  1965    12.4  1910     8.9  1918     5.2  1988     2.7  1968    2.85  1969    7.33  1916   14.22  1974    9.18  1972    8.71  1923
     2.3  1955     2.1  1940     4.0  1996     6.7  1977     9.9  1967    13.0  1954    14.6  1963    14.5  1951    12.3  1962     8.8  1952     5.1  1967     2.7  1946    2.82  1996    7.27  1970   14.22  1946    9.18  1962    8.69  1942
     2.1  1933     2.1  1936     3.9  1951     6.7  1973     9.9  1957    13.0  1944    14.6  1940    14.4  1966    12.2  1957     8.8  1915     5.1  1966     2.7  1935    2.77  1936    7.23  1931   14.20  1963    9.15  1992    8.69  1929
     2.0  1997     2.0  1978     3.8  1987     6.7  1924     9.8  1932    12.9  1981    14.5  1968    14.4  1941    12.2  1927     8.7  1931     5.1  1962     2.6  1937    2.75  1986    7.18  1975   14.20  1927    9.10  1931    8.67  1941
     1.9  1980     1.7  1968     3.7  1964     6.4  1983     9.7  1987    12.8  1929    14.5  1966    14.3  1993    12.1  1993     8.6  1980     5.1  1937     2.5  1925    2.70  1956    7.16  1924   14.11  1985    8.99  1944    8.65  1940
     1.7  1947     1.5  1983     3.7  1924     6.4  1951     9.7  1983    12.7  1918    14.4  1988    14.3  1985    12.1  1944     8.5  1932     5.0  1969     2.3  1963    2.54  1951    7.12  1984   14.10  1924    8.96  1965    8.62  1931
     1.4  1959     1.5  1919     3.6  1931     6.4  1932     9.7  1926    12.6  1956    14.3  1978    14.2  1954    12.1  1923     8.4  1964     4.9  1942     2.2  1995    2.52  1985    7.01  1979   14.05  1916    8.78  1910    8.57  1915
     1.2  2010     1.4  1991     3.3  1970     6.4  1918     9.6  1962    12.6  1946    14.3  1962    14.2  1946    12.0  1965     8.1  1993     4.5  1993     2.2  1961    2.35  1982    6.98  1969   14.04  1977    8.66  1918    8.56  1985
     1.2  1929     0.9  1979     3.3  1958     6.2  1989     9.5  1979    12.5  1987    14.3  1915    14.1  1962    11.8  1922     8.1  1939     4.5  1921     2.0  1917    2.26  2010    6.96  1986   14.03  1978    8.43  1922    8.53  1965
     1.2  1917     0.9  1955     3.3  1919     6.2  1970     9.5  1935    12.5  1928    14.3  1913    14.0  1931    11.8  1918     8.1  1922     4.2  1965     1.9  1916    2.22  1941    6.95  1958   13.96  1912    8.41  1974    8.46  1956
     0.7  1942     0.7  1917     3.2  1947     6.1  1956     9.4  1984    12.2  1985    14.1  1980    13.9  1963    11.7  1974     8.1  1912     3.9  1952     1.8  1976    1.91  1942    6.92  1996   13.93  1965    8.35  1925    8.43  1979
     0.5  1987     0.5  1969     3.1  1969     6.1  1941     9.4  1968    12.1  1927    13.9  1910    13.8  1924    11.4  1972     7.9  1981     3.7  1985     1.8  1927    1.48  1929    6.91  1955   13.82  1962    8.29  1912    8.42  1986
     0.5  1985    -0.1  1929     3.1  1937     6.1  1929     9.4  1951    12.0  1971    13.8  1954    13.3  1986    11.4  1931     7.9  1926     3.6  1925     1.7  1962    1.43  1979    6.85  1932   13.75  1972    8.28  1915    8.33  1922
     0.3  1941    -0.2  1942     3.0  1916     6.0  1936     9.3  1975    12.0  1923    13.8  1920    13.3  1920    11.2  1925     7.4  1992     3.2  1910     1.3  1933    1.29  1917    6.68  2013   13.71  1956    8.23  1993    8.18  1917
     0.1  1945    -0.7  1956     2.8  1955     5.9  1978     9.2  1955    11.9  1977    13.6  1919    13.2  1956    11.1  1986     7.4  1917     3.0  1923     0.9  1950    1.15  1940    6.62  1917   13.66  1954    8.20  1923    8.16  1962
    -0.4  1979    -1.2  1963     2.8  1917     5.5  1986     9.0  1923    11.8  1991    13.5  1965    13.2  1922    10.9  1912     7.3  1974     3.0  1915     0.2  1981    0.91  1947    6.58  1951   13.65  1920    7.79  1952    8.14  1919
    -1.4  1940    -1.3  1986     2.6  2013     5.3  1922     8.7  1996    11.4  1972    13.3  1922    12.7  1912    10.7  1952     7.3  1919     2.9  1919    -0.4  2010   -0.56  1963    6.48  1941   13.29  1922    7.58  1919    8.01  1963
    -2.3  1963    -2.0  1947     2.3  1962     4.9  1917     8.6  1941    11.2  1916                                                                                                      6.38  1962
