Scotland Mean Temperature (Degrees C)
Areal series, starting from 1910
Allowances have been made for topographic, coastal and urban effects where relationships are found to exist.
Seasons: Winter=Dec-Feb, Spring=Mar-May, Summer=June-Aug, Autumn=Sept-Nov. (Winter: Year refers to Jan/Feb).
Monthly values are ranked and displayed to 1 dp and seasonal/annual values to 2 dp. Where values are equal, rankings are based in order of year descending.
Data are provisional from January 2017 and Winter 2017.  Last updated 03/07/2017.

     JAN  Year     FEB  Year     MAR  Year     APR  Year     MAY  Year     JUN  Year     JUL  Year     AUG  Year    SEP   Year     OCT  Year     NOV  Year     DEC  Year     WIN  Year     SPR  Year     SUM  Year     AUT  Year     ANN  Year
     5.8  1989     6.3  1998     7.1  2012     9.1  2011    10.7  2008    13.5  1940    15.6  2006    15.4  1947    13.3  2006    10.7  2001     7.7  2011     5.8  1988    5.12  1989    7.71  2014   14.07  2003    9.74  2006    8.45  2014
     5.1  1916     4.8  1993     7.0  1938     8.9  2007    10.6  2017    13.1  1970    15.2  2013    15.3  1995    12.7  2016    10.5  1969     7.5  1994     5.7  1971    4.51  1998    7.61  2011   13.86  2006    9.69  2011    8.23  2006
     4.9  1932     4.6  1943     6.7  1961     8.0  2003    10.4  1992    13.0  2003    15.0  1983    15.1  1997    12.6  1958    10.1  1959     6.6  1997     5.6  2016    4.46  1932    7.60  2003   13.86  1933    9.32  2014    8.21  2003
     4.6  2007     4.6  1918     6.6  1945     7.9  2014    10.4  1911    12.9  2014    14.8  2003    15.0  1975    12.5  2014     9.9  2006     6.5  1953     5.6  1934    4.42  2017    7.59  2007   13.82  1976    9.14  2001    8.18  2007
     4.6  1923     4.5  1961     6.5  1957     7.8  2009    10.3  1919    12.9  1992    14.8  1933    14.6  1955    12.5  1949     9.9  1921     6.4  2014     5.6  1924    4.34  2007    7.58  2017   13.75  1995    9.13  1959    8.12  2004
     4.4  2005     4.5  1945     6.2  1948     7.4  2004    10.2  2001    12.9  1960    14.6  1976    14.4  2004    12.5  1941     9.8  1995     6.4  2003     5.4  2015    4.15  2014    7.39  1945   13.53  1947    9.09  1945    8.09  2005
     4.2  2002     4.5  1934     5.8  1997     7.4  1944    10.2  1960    12.9  1933    14.5  2014    14.4  2003    12.4  1999     9.7  2005     6.3  1938     5.0  2013    4.12  1935    7.35  2009   13.50  2013    8.97  1953    8.06  2011
     4.1  1990     4.4  2012     5.8  1990     7.4  1943    10.2  1940    12.8  1976    14.5  1991    14.3  1983    12.0  2005     9.5  2011     6.3  1920     4.9  1931    4.02  1925    7.31  2004   13.43  1983    8.96  1949    8.04  1997
     4.1  1974     4.3  1939     5.6  2003     7.4  1914    10.1  1952    12.7  2006    14.5  1989    14.1  1984    12.0  1933     9.5  1978     6.2  2015     4.9  1921    3.98  1943    7.30  1961   13.39  1955    8.89  1958    8.02  2002
     4.1  1944     4.3  1914     5.5  2014     7.3  1987    10.0  1959    12.6  2010    14.5  1955    14.1  1976    11.9  2011     9.5  1977     6.2  1955     4.8  1974    3.95  1923    7.24  1959   13.32  1975    8.87  1999    7.95  1949
     4.0  1983     4.2  2008     5.5  2005     7.2  1955     9.9  1918    12.4  2005    14.5  1934    14.1  1911    11.9  1971     9.4  2013     6.1  2006     4.8  1942    3.94  2005    7.21  1952   13.31  1997    8.81  2005    7.93  1953
     4.0  1934     4.1  1992     5.5  2000     7.2  1952     9.8  2016    12.4  1988    14.3  1995    14.0  2002    11.9  1945     9.4  2007     6.1  2002     4.7  1956    3.94  1992    7.20  1990   13.23  1911    8.81  1995    7.93  1945
     4.0  1921     4.1  1920     5.4  2017     7.1  1960     9.8  2014    12.3  2016    14.1  2008    14.0  1991    11.8  2009     9.3  1968     6.1  1931     4.7  1953    3.94  1949    7.20  1960   13.21  1984    8.74  2009    7.88  1959
     3.8  2000     4.0  2017     5.4  1991     7.1  1946     9.8  2004    12.3  1950    13.9  1997    14.0  1959    11.8  2002     9.3  1945     6.1  1913     4.6  1975    3.88  1975    7.17  2002   13.18  2014    8.74  1978    7.84  2009
     3.8  1964     4.0  2007     5.4  1950     7.0  2002     9.8  1990    12.2  2017    13.9  1984    13.8  1933    11.8  1998     9.2  1949     6.0  2007     4.5  1983    3.72  1976    7.10  1938   13.16  2009    8.68  2007    7.83  2016
     3.8  1925     4.0  1990     5.3  1933     7.0  1949     9.8  1978    12.2  1966    13.8  2009    13.7  2013    11.8  1955     9.1  2014     6.0  2004     4.4  2006    3.70  1911    7.07  1948   13.07  2004    8.61  1951    7.82  1990
     3.6  2017     4.0  1949     5.2  2007     7.0  1926     9.8  1964    12.1  2009    13.8  1999    13.7  1969    11.7  1959     9.0  1979     6.0  1951     4.4  2004    3.66  1934    7.06  1933   13.05  1959    8.58  2015    7.81  1933
     3.6  1992     3.9  1926     5.2  1943     6.9  1999     9.7  1953    12.0  2004    13.8  1994    13.6  1996    11.7  1953     9.0  1971     6.0  1948     4.4  1910    3.62  2016    7.05  1957   12.97  2005    8.55  1913    7.74  1938
     3.6  1975     3.8  2014     5.2  1929     6.9  1980     9.7  1947    12.0  1953    13.8  1945    13.6  1944    11.6  2004     9.0  1947     6.0  1945     4.3  1954    3.61  2008    7.03  1997   12.96  2008    8.54  1938    7.73  1999
     3.6  1949     3.8  1921     5.1  1959     6.9  1945     9.6  1998    12.0  1930    13.8  1925    13.6  1939    11.6  2000     8.9  2009     5.9  2001     4.3  1941    3.56  2012    7.03  1943   12.91  1934    8.45  2004    7.72  1921
     3.6  1938     3.7  2011     5.0  2002     6.9  1933     9.6  1970    11.9  2007    13.8  1911    13.5  2012    11.6  1961     8.9  1962     5.9  1978     4.3  1911    3.56  1972    7.01  1999   12.90  2016    8.44  1971    7.70  1971
     3.5  2014     3.7  1971     4.9  2009     6.9  1912     9.5  2002    11.9  2002    13.7  1982    13.5  2009    11.5  1996     8.9  1943     5.9  1924     4.2  1997    3.50  1974    6.99  1992   12.87  1969    8.42  1997    7.69  1934
     3.5  1996     3.6  2002     4.9  1973     6.8  1997     9.5  1999    11.9  1925    13.7  1926    13.5  2008    11.5  1981     8.8  1996     5.8  1995     4.2  1984    3.47  1957    6.91  2012   12.84  2002    8.42  1920    7.67  2008
     3.5  1957     3.6  1997     4.9  1935     6.8  1982     9.5  1937    11.8  1968    13.6  1921    13.5  1990    11.5  1980     8.8  1985     5.8  1917     4.2  1948    3.47  1921    6.82  1912   12.80  1945    8.41  1941    7.67  1989
     3.5  1950     3.6  1989     4.9  1927     6.7  2017     9.4  2000    11.8  1963    13.5  1949    13.4  1936    11.5  1939     8.8  1958     5.7  1999     4.1  1991    3.42  1993    6.79  2005   12.79  1949    8.28  1994    7.60  2000
     3.5  1937     3.6  1982     4.8  1998     6.7  1961     9.4  1989    11.8  1959    13.5  1927    13.4  1935    11.5  1936     8.7  2015     5.7  1983     4.1  1977    3.41  1971    6.76  1991   12.79  1925    8.27  2013    7.60  1943
     3.5  1935     3.6  1974     4.8  1953     6.7  1937     9.4  1981    11.8  1936    13.4  2005    13.4  1917    11.5  1929     8.7  1989     5.7  1939     4.1  1932    3.39  2002    6.73  2000   12.78  2010    8.25  1955    7.60  1911
     3.5  1911     3.6  1967     4.8  1910     6.6  2010     9.3  2009    11.8  1911    13.4  1975    13.3  2016    11.4  2003     8.7  1972     5.7  1916     4.0  1998    3.35  2006    6.69  2008   12.73  1989    8.23  2002    7.58  2015
     3.4  2008     3.6  1953     4.7  2004     6.6  2005     9.2  2011    11.7  1986    13.4  1947    13.3  2006    11.4  1966     8.7  1951     5.5  2009     4.0  1972    3.34  1990    6.51  2016   12.72  1936    8.21  1947    7.58  1998
     3.4  1973     3.6  1932     4.7  1983     6.6  1993     9.2  2003    11.7  1984    13.4  1944    13.3  2000    11.4  1956     8.7  1920     5.5  1984     4.0  1922    3.27  1914    6.51  1946   12.70  1991    8.19  2003    7.53  1975
     3.4  1971     3.5  2000     4.7  1923     6.6  1984     9.2  1988    11.7  1982    13.4  1941    13.3  1981    11.4  1934     8.7  1913     5.5  1959     3.9  1994    3.26  1999    6.50  1982   12.70  1982    8.17  2016    7.52  2013
     3.4  1926     3.5  1928     4.7  1912     6.6  1957     9.2  1980    11.7  1973    13.4  1923    13.2  1970    11.3  2010     8.6  1990     5.4  1986     3.9  1987    3.24  1944    6.50  1981   12.70  1950    8.15  1921    7.52  1988
     3.3  2006     3.5  1913     4.6  2016     6.6  1942     9.2  1971    11.7  1947    13.3  1990    13.2  1949    11.2  2013     8.6  1965     5.4  1946     3.9  1980    3.24  1927    6.47  1944   12.70  1935    8.13  1968    7.51  1983
     3.3  2004     3.3  1980     4.6  1999     6.5  1974     9.2  1956    11.7  1939    13.3  1959    13.2  1945    11.2  2008     8.6  1953     5.4  1928     3.9  1945    3.23  1973    6.47  1940   12.65  1926    8.12  1956    7.50  1957
     3.3  1976     3.3  1946     4.6  1992     6.5  1964     9.1  1939    11.7  1934    13.3  1935    13.2  1937    11.2  1947     8.5  1999     5.3  1964     3.8  1918    3.23  1913    6.45  1998   12.61  1990    8.11  1933    7.49  1995
     3.3  1953     3.3  1938     4.6  1966     6.5  1959     9.0  1991    11.6  2013    13.2  2010    13.1  2005    11.2  1946     8.5  1975     5.3  1956     3.8  1912    3.20  2004    6.45  1993   12.58  1944    8.04  1989    7.48  1948
     3.2  2012     3.3  1927     4.6  1936     6.5  1948     9.0  1954    11.6  1995    13.2  1969    13.1  2001    11.2  1938     8.5  1910     5.2  1981     3.7  2005    3.15  1922    6.45  1964   12.58  1914    8.04  1948    7.45  1976
     3.2  1998     3.2  1976     4.5  2011     6.4  1996     9.0  1936    11.6  1969    13.2  1917    13.1  1932    11.1  1951     8.4  2016     5.2  1958     3.7  1936    3.14  1988    6.45  1911   12.57  1940    7.99  1961    7.43  1913
     3.2  1993     3.2  1975     4.5  1993     6.3  2015     9.0  1933    11.6  1949    13.1  2016    13.1  1926    11.0  1991     8.3  1986     5.2  1957     3.6  1951    3.11  1937    6.41  1939   12.57  1917    7.97  1943    7.42  1991
     3.2  1928     3.2  1923     4.5  1977     6.3  1938     8.8  2007    11.6  1941    13.1  1977    13.1  1914    11.0  1970     8.3  1963     5.2  1949     3.6  1929    3.09  1964    6.36  1953   12.53  1939    7.95  2000    7.40  1982
     3.1  2016     3.1  2004     4.5  1920     6.2  1976     8.8  2006    11.6  1914    13.1  1971    13.0  1942    11.0  1967     8.3  1961     4.9  1988     3.6  1926    3.09  1912    6.36  1949   12.53  1932    7.95  1946    7.40  1939
     3.1  1969     3.1  1964     4.4  2015     6.2  1921     8.8  1974    11.6  1910    13.0  2001    13.0  1938    11.0  1917     8.3  1957     4.9  1922     3.5  2002    3.07  1946    6.32  1974   12.51  1996    7.89  1939    7.38  1984
     3.1  1924     3.1  1935     4.4  1956     6.1  1972     8.8  1912    11.5  1993    13.0  1987    13.0  1918    10.9  1978     8.3  1954     4.8  2008     3.5  1985    3.03  2000    6.31  1971   12.51  1973    7.89  1916    7.36  2001
     3.0  1999     3.1  1911     4.4  1952     6.1  1930     8.8  1910    11.5  1979    13.0  1952    13.0  1916    10.9  1969     8.2  1960     4.8  1989     3.4  1959    3.03  1920    6.30  1926   12.51  1960    7.87  1914    7.36  1914
     2.9  2013     3.0  2006     4.4  1926     6.0  1990     8.7  1982    11.5  1975    13.0  1950    12.9  2015    10.9  1968     8.2  1938     4.8  1987     3.4  1947    3.00  1967    6.29  1950   12.50  1970    7.86  1983    7.32  2012
     2.9  1967     3.0  1962     4.3  1981     5.9  1995     8.7  1976    11.5  1967    13.0  1936    12.9  1973    10.9  1921     8.2  1914     4.8  1982     3.3  2007    2.97  1981    6.27  1972   12.47  1930    7.86  1924    7.32  1992
     2.9  1927     3.0  1959     4.3  1972     5.9  1992     8.7  1946    11.5  1965    13.0  1932    12.9  1927    10.9  1913     8.1  2010     4.7  2005     3.3  1957    2.96  2003    6.27  1921   12.43  1953    7.85  1984    7.31  1926
     2.8  1981     3.0  1948     4.2  1960     5.9  1991     8.7  1945    11.5  1957    13.0  1914    12.8  1999    10.8  2015     8.1  1982     4.7  1943     3.3  1913    2.94  1953    6.26  2010   12.42  1999    7.84  1982    7.29  1961
     2.8  1962     2.9  2015     4.2  1939     5.9  1988     8.7  1931    11.5  1932    12.9  1973    12.8  1958    10.8  1997     8.0  1984     4.7  1941     3.2  2003    2.94  1950    6.20  1918   12.39  2007    7.84  1979    7.26  1960
     2.8  1930     2.9  2009     4.2  1921     5.9  1971     8.7  1929    11.5  1920    12.9  1958    12.8  1953    10.8  1995     8.0  1976     4.7  1940     3.2  2000    2.91  1916    6.18  1988   12.35  1937    7.83  1969    7.25  1932
     2.7  2003     2.9  2005     4.1  1989     5.9  1963     8.6  2012    11.4  1945    12.8  1951    12.8  1950    10.8  1973     8.0  1970     4.7  1929     3.2  1986    2.89  1995    6.16  1914   12.31  1992    7.82  1988    7.23  1920
     2.6  2009     2.9  1988     4.1  1978     5.9  1954     8.6  1950    11.4  1943    12.8  1948    12.7  1982    10.8  1930     8.0  1941     4.7  1914     3.2  1970    2.87  2015    6.15  1956   12.29  1941    7.79  1963    7.22  1944
     2.6  1988     2.9  1984     4.1  1967     5.9  1928     8.6  1943    11.4  1935    12.8  1946    12.7  1980    10.8  1926     8.0  1933     4.6  2012     3.2  1949    2.76  1939    6.15  1929   12.28  2001    7.78  1996    7.18  1994
     2.6  1943     2.8  1995     4.1  1963     5.8  1981     8.6  1925    11.4  1913    12.7  2011    12.7  1930    10.8  1915     8.0  1925     4.6  1991     3.2  1930    2.73  1924    6.14  1978   12.25  1994    7.78  1970    7.18  1964
     2.5  2015     2.8  1924     4.0  1982     5.8  1975     8.6  1922    11.3  2008    12.7  2007    12.7  1925    10.7  2001     7.9  2000     4.6  1975     3.1  2014    2.70  1954    6.10  1980   12.25  1988    7.77  1991    7.17  1946
     2.4  1994     2.8  1912     3.9  1968     5.8  1939     8.6  1920    11.3  1996    12.7  2004    12.7  1915    10.7  1988     7.9  1988     4.6  1963     3.1  2011    2.67  1948    6.10  1920   12.25  1913    7.77  1936    7.16  1974
     2.4  1972     2.7  2003     3.8  2010     5.7  2008     8.6  1917    11.3  1921    12.7  1985    12.7  1913    10.7  1964     7.9  1937     4.6  1932     3.1  1990    2.65  1926    6.08  2015   12.22  1958    7.75  1964    7.16  1967
     2.4  1968     2.7  1999     3.8  1974     5.7  2006     8.5  1997    11.2  1980    12.7  1972    12.6  2007    10.7  1948     7.8  1997     4.5  1990     3.1  1967    2.64  1933    6.08  1954   12.22  1957    7.74  1934    7.15  1936
     2.4  1920     2.6  1922     3.8  1971     5.7  1985     8.5  1965    11.2  1915    12.7  1957    12.6  1910    10.7  1914     7.8  1983     4.5  1967     3.1  1943    2.63  1938    6.07  1935   12.20  2000    7.73  1960    7.14  1973
     2.4  1914     2.5  1972     3.8  1946     5.7  1968     8.5  1961    11.1  1989    12.7  1937    12.5  2010    10.7  1910     7.8  1930     4.5  1960     2.9  1979    2.60  2009    6.04  1989   12.14  1921    7.72  2008    7.14  1935
     2.4  1913     2.5  1925     3.8  1944     5.7  1967     8.5  1949    11.1  1962    12.7  1912    12.5  1998    10.6  2007     7.8  1927     4.5  1954     2.9  1938    2.56  1961    6.04  1936   12.13  1967    7.71  1931    7.09  1980
     2.3  1954     2.4  1965     3.8  1918     5.7  1965     8.5  1948    11.1  1926    12.6  2002    12.5  1989    10.6  1982     7.7  2004     4.5  1947     2.8  1973    2.53  1984    6.01  2001   12.06  2012    7.69  1986    7.03  1955
     2.2  1997     2.4  1944     3.7  1994     5.7  1940     8.5  1913    11.1  1917    12.6  1996    12.5  1967    10.6  1916     7.7  1991     4.4  1980     2.8  1955    2.49  2013    6.01  1976   12.05  1910    7.68  1990    7.01  1924
     2.2  1912     2.4  1910     3.6  2008     5.7  1916     8.4  2013    11.0  1990    12.6  1943    12.5  1934    10.6  1911     7.7  1956     4.4  1976     2.8  1944    2.49  1983    5.99  1984   12.02  1981    7.68  1929    7.00  1947
     2.1  2011     2.3  1933     3.6  1932     5.7  1915     8.4  1995    11.0  1978    12.6  1931    12.4  1977    10.5  1989     7.7  1942     4.4  1971     2.8  1940    2.48  1997    5.98  1910   12.01  1968    7.67  1975    6.99  1937
     2.1  1946     2.2  2016     3.5  1988     5.7  1911     8.4  1986    11.0  1937    12.6  1930    12.4  1971    10.5  1985     7.7  1940     4.4  1937     2.7  1962    2.47  1980    5.93  1928   11.99  1918    7.65  1976    6.98  1972
     2.0  1995     2.2  2013     3.5  1949     5.6  1947     8.4  1984    11.0  1912    12.6  1929    12.4  1968    10.5  1976     7.6  1936     4.4  1935     2.6  1939    2.42  1930    5.89  1973   11.98  1980    7.65  1957    6.97  1912
     2.0  1970     2.2  1987     3.5  1940     5.6  1913     8.4  1972    10.9  1983    12.6  1916    12.4  1957    10.5  1937     7.6  1924     4.3  2000     2.6  1933    2.41  1928    5.88  1963   11.98  1942    7.64  1977    6.95  1996
     1.9  1960     2.2  1981     3.5  1928     5.5  1958     8.4  1928    10.9  1961    12.6  1913    12.4  1952    10.4  1963     7.5  1994     4.3  1992     2.6  1928    2.39  1918    5.81  1942   11.98  1915    7.62  1998    6.95  1978
     1.9  1931     2.2  1973     3.4  1986     5.4  2001     8.4  1921    10.9  1958    12.5  2000    12.3  1988    10.4  1960     7.5  1950     4.3  1974     2.6  1920    2.37  1931    5.80  1913   11.97  1938    7.59  1937    6.95  1918
     1.9  1922     2.2  1952     3.4  1922     5.4  1935     8.3  2010    10.9  1955    12.5  1956    12.3  1987    10.4  1942     7.5  1948     4.3  1970     2.6  1919    2.16  2001    5.77  1987   11.92  2015    7.56  1928    6.95  1910
     1.8  1919     2.1  1957     3.3  1954     5.4  1931     8.3  1985    10.9  1948    12.5  1953    12.3  1978    10.3  2012     7.5  1934     4.3  1934     2.5  1966    2.13  1962    5.72  1937   11.92  1952    7.55  1967    6.94  1950
     1.8  1915     2.1  1937     3.3  1925     5.3  2000     8.3  1966    10.8  1997    12.4  1992    12.3  1974    10.3  1987     7.5  1928     4.3  1933     2.5  1958    2.12  1985    5.70  1977   11.90  1943    7.54  1962    6.94  1930
     1.7  1991     2.1  1915     3.3  1913     5.3  1994     8.2  2005    10.8  1974    12.4  1967    12.3  1960    10.3  1979     7.5  1916     4.3  1927     2.4  2012    2.12  1960    5.69  1965   11.88  2011    7.43  1980    6.93  1958
     1.7  1961     2.0  1985     3.2  1915     5.3  1962     8.2  1993    10.8  1954    12.4  1960    12.2  2014    10.3  1943     7.3  1964     4.3  1912     2.4  2001    2.06  1958    5.69  1927   11.88  1977    7.42  1942    6.92  1928
     1.6  1951     2.0  1950     3.2  1914     5.2  1920     8.2  1973    10.7  2011    12.4  1918    12.2  2011    10.3  1935     7.3  1931     4.2  2013     2.4  1992    2.00  1987    5.65  2006   11.85  1966    7.40  1954    6.92  1916
     1.6  1948     2.0  1931     3.2  1911     5.2  1919     8.2  1944    10.7  2001    12.3  1986    12.2  1994    10.3  1920     7.3  1918     4.2  1998     2.4  1982    1.99  1991    5.65  1967   11.82  1948    7.38  1972    6.89  1977
     1.6  1947     1.9  2001     3.1  1976     5.1  2016     8.2  1942    10.7  2000    12.3  1981    12.2  1940    10.1  1992     7.3  1915     4.2  1979     2.4  1978    1.97  1945    5.65  1925   11.80  1927    7.37  2010    6.89  1931
     1.5  1966     1.7  1977     3.1  1964     5.0  1979     8.2  1934    10.7  1994    12.3  1979    12.2  1928    10.1  1983     7.2  2008     4.2  1968     2.4  1963    1.97  1919    5.59  1985   11.78  1979    7.37  1930    6.88  1956
     1.4  1982     1.7  1966     3.0  1984     5.0  1969     8.1  1930    10.7  1964    12.3  1964    12.1  1919    10.1  1965     7.2  1967     4.2  1942     2.3  2008    1.91  1968    5.58  1995   11.76  1916    7.29  1940    6.88  1925
     1.4  1933     1.7  1916     2.9  1965     5.0  1925     8.0  1977    10.7  1944    12.3  1942    12.0  1961    10.0  1984     7.2  1966     4.1  1936     2.3  1969    1.89  1952    5.56  1994   11.75  1951    7.25  1987    6.87  1993
     1.3  2001     1.5  1958     2.9  1934     4.9  2012     8.0  1969    10.7  1938    12.3  1939    11.9  1951    10.0  1924     7.2  1946     4.0  1961     2.3  1923    1.88  1915    5.56  1966   11.72  1963    7.25  1966    6.86  1970
     1.3  1986     1.4  1940     2.8  1996     4.9  1934     8.0  1957    10.7  1919    12.3  1924    11.9  1941    10.0  1919     7.2  1923     3.9  1972     2.2  1968    1.87  1965    5.54  1919   11.71  1998    7.25  1917    6.86  1954
     1.3  1980     1.3  1996     2.8  1975     4.9  1927     8.0  1916    10.6  2015    12.2  2015    11.9  1929     9.9  1990     7.1  1973     3.9  1962     2.1  1946    1.82  1942    5.52  1930   11.70  1971    7.24  1973    6.86  1940
     1.3  1965     1.3  1951     2.7  1985     4.9  1918     7.9  1962    10.6  1999    12.2  2012    11.8  1972     9.9  1950     7.1  1944     3.9  1918     2.0  1989    1.77  1994    5.46  1983   11.67  1946    7.21  1927    6.82  1942
     1.3  1958     1.2  1994     2.7  1942     4.8  2013     7.9  1938    10.6  1951    12.2  1938    11.8  1954     9.9  1932     7.0  1912     3.8  1973     2.0  1964    1.77  1978    5.46  1955   11.64  1978    7.19  1935    6.80  1981
     1.3  1956     1.2  1936     2.5  2001     4.8  1998     7.9  1935    10.6  1946    12.1  1998    11.8  1948     9.8  1994     6.9  1955     3.8  1926     2.0  1952    1.76  1996    5.43  1968   11.63  1923    7.18  1981    6.80  1968
     1.3  1939     1.2  1917     2.4  2006     4.8  1956     7.9  1932    10.6  1918    12.1  1988    11.8  1924     9.8  1993     6.9  1935     3.7  1911     2.0  1916    1.66  1959    5.40  1915   11.62  1929    7.09  1985    6.79  1969
     1.2  1910     1.1  1991     2.4  1995     4.8  1950     7.9  1914    10.5  1981    12.0  1980    11.7  1964     9.8  1977     6.8  2003     3.6  1921     1.9  1999    1.60  1966    5.35  1934   11.61  1987    7.05  1922    6.76  1951
     1.1  1978     1.0  1954     2.4  1941     4.8  1924     7.8  1987    10.5  1942    12.0  1966    11.7  1943     9.8  1975     6.8  2002     3.5  1977     1.8  1996    1.55  1969    5.30  1931   11.58  1961    6.98  2012    6.76  1927
     1.1  1936     1.0  1941     2.4  1930     4.8  1923     7.7  1994    10.4  2012    12.0  1963    11.7  1931     9.8  1962     6.8  1998     3.5  1930     1.8  1915    1.52  1970    5.28  1932   11.56  1974    6.98  1911    6.75  1929
     1.1  1918     0.9  1983     2.3  1980     4.5  1989     7.6  2015    10.4  1998    12.0  1940    11.7  1923     9.7  1931     6.8  1929     3.4  2016     1.8  1914    1.52  1956    5.26  1996   11.55  1964    6.97  1965    6.74  1987
     1.0  1977     0.9  1960     2.2  1987     4.5  1977     7.6  1963    10.4  1924    12.0  1915    11.6  1992     9.7  1928     6.8  1919     3.3  1993     1.7  1993    1.41  1955    5.25  1923   11.54  1919    6.97  1910    6.72  1941
     0.8  1942     0.7  1930     2.1  1955     4.5  1973     7.6  1924    10.3  1956    11.9  1910    11.6  1965     9.6  1944     6.7  1952     3.3  1950     1.7  1965    1.36  1982    5.24  1970   11.53  1931    6.94  1932    6.66  1966
     0.7  1955     0.4  2010     2.0  1970     4.5  1953     7.5  1983    10.3  1952    11.8  1968    11.6  1946     9.5  1972     6.7  1922     3.3  1944     1.7  1960    1.32  1917    5.23  1975   11.51  1924    6.88  1950    6.65  1923
     0.7  1917     0.4  1956     1.9  1951     4.5  1936     7.5  1926    10.3  1929    11.8  1961    11.5  1985     9.5  1940     6.7  1911     3.2  1966     1.7  1917    1.28  2011    5.19  1986   11.50  1986    6.79  1912    6.60  1952
     0.6  1987     0.4  1929     1.9  1924     4.5  1929     7.4  1958    10.2  1931    11.8  1928    11.5  1979     9.5  1927     6.6  1987     3.0  1996     1.1  1937    1.28  1986    5.17  1947   11.45  1993    6.66  1944    6.59  1962
     0.3  2010     0.2  1970     1.8  1931     4.4  1978     7.4  1951    10.2  1922    11.8  1919    11.5  1921     9.5  1923     6.5  1939     2.8  2010     0.9  1935    1.11  1929    5.14  1922   11.39  1985    6.61  1925    6.54  2010
     0.3  1929     0.2  1942     1.7  1917     4.3  1941     7.4  1941    10.0  1977    11.6  1978    11.4  1966     9.5  1922     6.4  1980     2.8  1925     0.8  1925    1.09  1936    5.02  1916   11.38  1920    6.58  1926    6.51  1985
     0.2  1985     0.2  1919     1.6  1979     4.3  1932     7.4  1915     9.9  1985    11.6  1974    11.4  1963     9.4  1957     6.3  1932     2.4  1952     0.7  1961    1.02  1977    4.82  2013   11.32  1954    6.58  1915    6.48  1915
     0.2  1984     0.1  1968     1.4  1969     4.3  1910     7.2  1975     9.7  1923    11.5  1993    11.3  1993     9.4  1954     6.1  2012     2.2  1965     0.6  1927    0.97  1940    4.78  1969   11.31  1912    6.56  1992    6.44  1965
    -0.1  1952     0.0  1978     1.3  2013     4.1  1983     7.2  1967     9.6  1971    11.4  1962    11.3  1920     9.3  1986     6.0  1974     2.1  1923     0.5  2009    0.93  1951    4.78  1924   11.26  1972    6.48  1974    6.43  1922
    -0.4  1959    -0.1  1979     1.3  1958     4.0  1970     7.2  1927     9.5  1991    11.4  1954    11.2  1962     9.1  1974     5.9  1993     2.0  1969     0.5  1995    0.87  1941    4.71  1962   11.23  1965    6.42  1918    6.42  1986
    -1.0  1979    -0.8  1969     1.3  1916     3.8  1951     7.1  1955     9.5  1987    11.4  1920    10.8  1922     9.1  1912     5.3  1992     1.9  1985     0.4  1976    0.53  1947    4.71  1958   11.22  1962    6.32  1993    6.41  1917
    -1.0  1940    -1.0  1955     1.1  1919     3.7  1966     6.7  1979     9.5  1916    11.2  1970    10.5  1986     9.0  1925     5.2  1926     1.7  1915    -0.1  1950    0.45  1979    4.70  1941   11.09  1928    6.28  1923    6.40  1963
    -1.1  1963    -1.2  1986     1.0  1962     3.6  1986     6.7  1968     9.3  1972    10.7  1922    10.4  1956     8.5  1952     5.0  1981     1.6  1910    -0.7  1981    0.39  2010    4.49  1917   11.05  1956    5.97  1919    6.20  1979
    -1.1  1945    -1.2  1963     1.0  1937     3.3  1922     6.6  1996     9.1  1928    10.5  1965    10.2  1912     8.0  1918     5.0  1917     1.1  1919    -1.8  2010    0.16  1963    4.44  1979   10.61  1922    5.88  1952    6.18  1919
    -1.1  1941    -2.4  1947     0.2  1947     3.1  1917     6.2  1923     8.9  1927                                                                                                      4.40  1951
