England Minimum Temperature (Degrees C)
Areal series, starting from 1910
Allowances have been made for topographic, coastal and urban effects where relationships are found to exist.
Seasons: Winter=Dec-Feb, Spring=Mar-May, Summer=June-Aug, Autumn=Sept-Nov. (Winter: Year refers to Jan/Feb).
Monthly values are ranked and displayed to 1 dp and seasonal/annual values to 2 dp. Where values are equal, rankings are based in order of year descending.
Data are provisional from January 2017 and Winter 2017.  Last updated 03/07/2017.

     JAN  Year     FEB  Year     MAR  Year     APR  Year     MAY  Year     JUN  Year     JUL  Year     AUG  Year    SEP   Year     OCT  Year     NOV  Year     DEC  Year     WIN  Year     SPR  Year     SUM  Year     AUT  Year     ANN  Year
     4.1  1916     4.1  1990     5.1  1957     6.2  2011     8.3  2017    11.5  2017    13.4  2006    13.8  1997    12.3  2006    10.1  2001     7.0  1994     6.7  2015    3.53  2016    5.72  2017   12.09  2003    8.74  2006    6.92  2014
     4.0  1921     3.7  1926     4.7  2017     5.8  2014     8.3  2008    10.8  2016    13.1  1983    13.1  2004    11.9  2016     9.8  2005     6.4  2011     5.3  1934    3.36  2007    5.64  2014   11.96  2006    8.59  2011    6.81  2006
     3.8  2007     3.6  1961     4.6  1981     5.8  2007     8.3  1999    10.8  2003    12.8  1995    12.7  2003    11.6  1949     9.4  2006     6.3  2015     4.8  1974    3.22  1935    5.64  1999   11.79  2016    8.26  2014    6.66  2011
     3.4  2008     3.5  1998     4.2  1998     5.7  1961     8.0  2014    10.8  1976    12.7  2003    12.7  1975    11.0  1999     9.3  1968     5.7  1938     4.4  1988    3.20  1975    5.43  2007   11.70  1997    7.77  2009    6.60  2002
     3.4  1990     3.4  2011     4.2  1990     5.5  1943     8.0  1998    10.7  2007    12.6  2010    12.6  2008    10.8  2011     9.2  2013     5.6  2009     4.3  1953    3.15  1989    5.41  1998   11.59  2004    7.75  2001    6.55  2004
     3.4  1975     3.4  2002     4.0  1997     5.4  1993     7.9  1964    10.7  1982    12.5  2013    12.6  1995    10.8  1958     9.0  2014     5.5  2014     3.8  1924    3.14  1990    5.33  2011   11.51  1947    7.70  1968    6.52  2007
     3.3  1983     3.4  1945     4.0  1991     5.2  1987     7.8  1952    10.6  2004    12.5  1923    12.6  1990    10.7  2000     8.9  1995     5.5  2002     3.7  1971    2.81  2014    5.30  1992   11.49  1983    7.63  2005    6.50  1999
     2.8  2005     3.3  2017     4.0  1938     5.2  1949     7.7  1992    10.6  1950    12.4  2014    12.6  1911    10.7  1998     8.7  1969     5.3  1997     3.7  1918    2.81  1998    5.05  2002   11.48  1995    7.53  1995    6.38  2005
     2.8  1989     3.1  2014     3.9  1994     5.1  2004     7.6  2006    10.4  2006    12.4  1991    12.5  2002    10.6  2005     8.6  2011     5.3  1939     3.6  1985    2.55  1925    5.02  1952   11.33  2013    7.50  1949    6.38  1998
     2.7  1932     3.1  1995     3.7  1992     5.1  1999     7.6  2002    10.4  2005    12.3  1989    12.4  1932    10.5  1980     8.4  1990     5.2  1984     3.6  1954    2.52  1943    4.96  1981   11.31  2008    7.45  1999    6.32  2016
     2.6  2014     3.0  1997     3.6  1912     5.0  2009     7.5  2011    10.3  2014    12.2  2016    12.3  2016    10.5  1936     8.4  1954     5.2  1953     3.6  1942    2.43  1923    4.95  1959   11.30  2009    7.44  1978    6.32  1990
     2.6  1976     3.0  1918     3.5  2005     5.0  1937     7.5  2007    10.3  2000    12.2  2005    12.3  1955    10.4  2004     8.0  1989     5.1  1951     3.5  2006    2.38  1995    4.94  2009   11.21  2010    7.43  2004    6.29  2000
     2.6  1974     2.9  1946     3.5  1999     4.9  1959     7.5  1947    10.3  1970    12.2  1999    12.2  2013    10.4  1961     8.0  1921     5.0  1946     3.5  2002    2.29  1957    4.94  2004   11.21  2005    7.38  1984    6.27  2015
     2.6  1944     2.9  1914     3.4  2012     4.9  1944     7.4  2016    10.3  1966    12.2  1994    12.2  2012    10.3  2014     7.9  1977     4.9  2003     3.5  1910    2.28  2017    4.92  1961   11.21  1982    7.37  1945    6.27  1997
     2.5  1969     2.8  1966     3.4  2002     4.6  1945     7.4  2003    10.2  1998    12.2  1957    12.2  2009    10.3  1956     7.8  1978     4.9  1982     3.4  1977    2.25  1988    4.86  1993   11.21  1976    7.29  1994    6.20  1994
     2.5  1938     2.7  2007     3.4  2000     4.5  1964     7.4  1970    10.2  1947    12.2  1947    12.1  2001    10.2  1945     7.7  2009     4.9  1978     3.2  1912    2.21  1916    4.86  1945   11.20  1933    7.24  2013    6.14  1989
     2.4  1999     2.6  2000     3.4  1927     4.5  1920     7.4  1960    10.1  1992    12.2  1933    12.1  1947    10.1  1989     7.7  1959     4.8  1963     3.1  1987    2.17  1921    4.84  2005   11.17  2002    7.16  1946    6.13  2009
     2.3  2016     2.6  1923     3.3  1989     4.4  2005     7.4  1953    10.1  1960    12.1  2001    12.0  2006    10.1  1926     7.7  1949     4.7  2004     3.1  1956    2.13  1999    4.84  1960   11.16  2001    7.15  2015    6.08  2003
     2.3  2012     2.5  1935     3.3  1977     4.4  2003     7.3  2009    10.0  1935    12.0  1976    11.9  1984    10.0  2009     7.6  1996     4.6  1999     3.1  1921    2.12  2008    4.82  2000   11.15  2014    7.12  1913    6.07  2008
     2.3  2002     2.4  1980     3.3  1967     4.4  1992     7.2  2000     9.9  1997    12.0  1975    11.9  1959    10.0  1951     7.5  1910     4.6  1917     3.1  1911    2.11  2005    4.78  2008   11.09  2012    7.11  2016    6.07  1995
     2.3  1993     2.3  2004     3.3  1959     4.4  1972     7.2  1989     9.9  1940    12.0  1926    11.9  1944    10.0  1941     7.4  1967     4.5  1913     3.0  2000    2.08  1972    4.77  2003   11.08  1911    7.11  1958    5.99  1949
     2.3  1988     2.3  1937     3.2  1945     4.4  1926     7.2  1911     9.8  2010    11.9  2009    11.9  1933     9.9  1985     7.4  1945     4.4  2006     3.0  1994    2.04  1974    4.75  1957   11.06  1992    7.06  2002    5.96  1945
     2.2  1996     2.2  1974     3.2  1936     4.3  2006     7.1  2004     9.8  2002    11.9  1992    11.8  1991     9.9  1970     7.3  1979     4.4  1983     2.9  1997    2.02  2004    4.70  1994   11.04  1994    7.06  1938    5.95  1983
     2.2  1948     2.1  1993     3.1  2014     4.3  1955     7.1  2001     9.8  1993    11.9  1944    11.8  1983     9.9  1968     7.3  1958     4.4  1945     2.8  2016    2.02  1948    4.67  1997   11.04  1975    7.05  1989    5.90  2001
     2.2  1930     2.1  1989     3.1  1961     4.3  1952     7.1  1937     9.8  1963    11.8  1934    11.8  1969     9.9  1946     7.2  1985     4.4  1931     2.8  2013    1.98  1937    4.67  1991   10.98  1959    7.03  2000    5.87  1957
     2.1  2004     2.1  1943     3.0  2007     4.2  2002     7.1  1919     9.7  2012    11.7  2008    11.7  2000     9.9  1939     7.2  1984     4.3  1995     2.8  2011    1.97  1976    4.63  1920   10.96  2007    7.01  1982    5.86  1988
     2.1  1998     2.0  1967     3.0  1960     4.2  1995     7.1  1918     9.7  2009    11.7  1967    11.7  1999     9.9  1929     7.2  1976     4.3  1970     2.8  1959    1.95  2012    4.56  1964   10.95  1999    6.93  1997    5.86  1959
     2.1  1957     2.0  1928     3.0  1952     4.2  1963     7.0  2012     9.7  1968    11.7  1952    11.7  1942     9.8  1984     7.2  1913     4.3  1928     2.8  1922    1.95  1950    4.56  1912   10.90  2000    6.93  1970    5.81  1921
     2.1  1925     2.0  1920     3.0  1950     4.2  1946     7.0  1976     9.7  1931    11.7  1945    11.6  2015     9.8  1983     7.1  2015     4.2  2008     2.7  1979    1.95  1949    4.54  2012   10.90  1950    6.89  1983    5.80  2012
     2.0  1949     1.9  1977     3.0  1948     4.2  1930     7.0  1933     9.7  1930    11.7  1941    11.6  1917     9.8  1981     7.1  2004     4.1  1986     2.7  1932    1.93  2002    4.53  1990   10.89  1990    6.86  1990    5.79  1992
     2.0  1923     1.9  1939     2.9  1921     4.1  2017     6.9  1924     9.6  2008    11.7  1921    11.5  1958     9.8  1969     7.0  2016     4.0  1981     2.6  1949    1.86  1913    4.51  1943   10.87  1955    6.82  1951    5.79  1938
     1.9  1994     1.9  1912     2.7  1988     4.1  1985     6.9  1912     9.6  1988    11.6  1982    11.5  1939     9.8  1947     7.0  2007     4.0  1964     2.6  1929    1.86  1912    4.45  1988   10.82  1944    6.79  1969    5.71  1961
     1.9  1937     1.8  1999     2.7  1983     4.1  1960     6.8  1993     9.6  1945    11.6  1969    11.4  1996     9.8  1933     7.0  1988     3.9  1968     2.5  1986    1.85  1911    4.42  2006   10.82  1932    6.78  2007    5.70  2013
     1.8  1943     1.8  1992     2.7  1923     4.0  1998     6.8  1988     9.6  1910    11.6  1932    11.4  1994     9.7  2010     7.0  1963     3.9  1924     2.5  1972    1.82  2003    4.41  1933   10.81  1935    6.78  1963    5.70  1953
     1.8  1935     1.8  1950     2.6  2009     4.0  1975     6.8  1981     9.5  1983    11.5  1959    11.4  1982     9.7  1973     7.0  1960     3.8  2007     2.5  1948    1.82  1920    4.33  1989   10.77  1998    6.74  1953    5.68  1948
     1.7  1973     1.7  1938     2.6  2004     3.9  1994     6.8  1965     9.5  1973    11.5  1949    11.4  1973     9.7  1930     6.9  1998     3.8  1990     2.4  1983    1.80  2000    4.31  2015   10.77  1952    6.74  1924    5.66  1960
     1.6  2006     1.7  1925     2.6  2003     3.9  1957     6.8  1945     9.5  1959    11.5  1937    11.4  1971     9.7  1913     6.9  1971     3.8  1960     2.3  1947    1.72  1914    4.29  1967   10.75  1989    6.73  1977    5.65  1982
     1.6  1924     1.6  1982     2.6  1978     3.9  1947     6.8  1925     9.5  1936    11.5  1935    11.4  1952     9.6  2002     6.9  1916     3.8  1955     2.3  1931    1.71  1967    4.23  1927   10.74  1991    6.72  1998    5.63  1967
     1.5  2003     1.6  1957     2.6  1926     3.9  1942     6.8  1922     9.5  1933    11.5  1925    11.3  1980     9.6  1978     6.8  1999     3.8  1948     2.2  1998    1.70  1932    4.21  1972   10.71  1970    6.70  1961    5.62  1911
     1.5  2000     1.5  1976     2.6  1920     3.9  1940     6.8  1920     9.4  1994    11.5  1912    11.3  1949     9.6  1967     6.8  1986     3.7  2000     2.2  1993    1.69  1993    4.14  1950   10.71  1945    6.70  1959    5.61  1976
     1.5  1971     1.5  1948     2.5  2015     3.9  1933     6.8  1917     9.4  1964    11.5  1911    11.3  1937     9.6  1948     6.8  1965     3.7  1992     2.2  1955    1.69  1961    4.13  2016   10.68  1957    6.70  1954    5.61  1975
     1.5  1928     1.5  1910     2.4  2008     3.9  1914     6.7  1990     9.4  1953    11.4  1997    11.3  1926     9.6  1924     6.8  1961     3.7  1987     2.2  1951    1.65  1973    4.13  1926   10.64  1973    6.57  1960    5.60  1926
     1.4  1950     1.4  2016     2.4  1993     3.8  2015     6.7  1973     9.4  1938    11.4  1985    11.3  1916     9.6  1917     6.8  1957     3.7  1932     2.2  1941    1.63  1930    4.12  2001   10.62  1937    6.51  1939    5.59  1943
     1.4  1939     1.4  1972     2.4  1966     3.8  1997     6.7  1969     9.4  1917    11.4  1971    11.2  2011     9.5  2013     6.8  1934     3.6  2001     2.1  2014    1.53  1946    4.08  1913   10.60  1984    6.50  1947    5.58  1934
     1.4  1927     1.3  2005     2.4  1935     3.8  1996     6.7  1959     9.3  1986    11.4  1956    11.2  1992     9.5  2008     6.7  2010     3.6  1980     2.1  2004    1.49  1939    4.05  1940   10.60  1926    6.47  1941    5.58  1913
     1.4  1920     1.3  1988     2.3  2011     3.8  1988     6.6  2015     9.3  1984    11.4  1955    11.2  1989     9.5  2007     6.7  2000     3.6  1947     2.1  1989    1.49  1922    4.03  1911   10.59  1969    6.45  2008    5.55  1977
     1.3  1981     1.3  1964     2.3  1968     3.8  1935     6.6  2005     9.3  1980    11.3  2012    11.2  1981     9.5  2001     6.7  1982     3.5  1974     2.1  1980    1.48  1926    4.02  1948   10.58  2015    6.45  1948    5.54  1993
     1.3  1967     1.3  1949     2.3  1939     3.8  1931     6.6  1986     9.3  1934    11.3  2007    11.2  1968     9.5  1997     6.7  1966     3.5  1957     2.1  1915    1.46  1938    4.01  1966   10.57  1958    6.42  1991    5.54  1971
     1.3  1913     1.2  2009     2.3  1933     3.7  2010     6.6  1940     9.2  2013    11.3  1987    11.2  1943     9.5  1982     6.7  1942     3.4  2012     2.1  1913    1.44  1960    4.00  1939   10.56  1917    6.42  1934    5.54  1939
     1.2  2015     1.2  1975     2.3  1928     3.7  2000     6.5  1954     9.2  2001    11.3  1950    11.2  1927     9.5  1966     6.7  1930     3.4  1959     2.0  1984    1.43  1994    3.95  1937   10.55  1949    6.38  1957    5.50  1966
     1.2  1926     1.2  1958     2.2  1914     3.7  1980     6.5  1913     9.2  1990    11.3  1927    11.1  2010     9.4  1992     6.7  1924     3.4  1940     2.0  1945    1.43  1980    3.93  1938   10.52  1936    6.36  1976    5.50  1935
     1.1  1995     1.2  1911     2.1  1913     3.7  1966     6.4  1991     9.2  1979    11.2  2015    11.1  1987     9.4  1991     6.6  1991     3.4  1935     2.0  1919    1.41  2001    3.92  1963   10.51  1930    6.36  1933    5.49  1991
     1.1  1972     1.1  1921     2.0  2010     3.7  1948     6.4  1931     9.2  1965    11.2  2002    11.1  1970     9.3  1995     6.6  1970     3.3  1958     1.9  2007    1.38  2015    3.91  1914   10.49  1953    6.35  1980    5.48  1930
     1.1  1968     1.0  2008     2.0  1972     3.7  1939     6.4  1916     9.2  1954    11.2  1998    11.1  1957     9.3  1987     6.6  1946     3.3  1954     1.8  1975    1.31  1966    3.90  1995   10.48  1967    6.32  1930    5.47  1974
     1.1  1915     1.0  2006     2.0  1954     3.7  1913     6.3  1995     9.2  1943    11.2  1986    11.1  1953     9.3  1955     6.5  1983     3.2  1991     1.8  1966    1.29  1971    3.87  1977   10.45  1968    6.31  1987    5.47  1968
     1.0  2013     1.0  1971     1.9  2016     3.6  2008     6.3  1994     9.2  1941    11.2  1958    11.1  1938     9.3  1953     6.5  1933     3.2  1949     1.8  1936    1.26  1944    3.85  1921   10.45  1925    6.30  1996    5.46  1984
     1.0  2011     1.0  1962     1.9  1963     3.6  2001     6.3  1985     9.2  1924    11.1  2004    11.1  1918     9.3  1934     6.4  1972     3.2  1934     1.7  2003    1.25  1992    3.83  1947   10.42  1981    6.26  1967    5.43  1958
     0.9  1960     1.0  1959     1.8  1982     3.6  1991     6.3  1958     9.2  1912    11.1  1964    11.0  2005     9.2  1996     6.4  1943     3.2  1916     1.7  1958    1.25  1954    3.82  1949   10.41  1934    6.25  2010    5.42  1933
     0.9  1951     1.0  1913     1.8  1974     3.6  1979     6.3  1950     9.1  2011    11.1  1951    11.0  1967     9.2  1988     6.4  1937     3.1  1977     1.6  2012    1.24  2006    3.82  1936   10.39  1941    6.24  1916    5.41  1937
     0.9  1936     0.9  1953     1.8  1956     3.6  1967     6.2  1978     9.1  1981    11.1  1946    11.0  1930     9.2  1976     6.4  1925     3.1  1941     1.6  1914    1.10  1927    3.82  1930   10.38  1988    6.23  1979    5.40  1950
     0.8  2017     0.9  1922     1.8  1943     3.6  1927     6.2  1972     9.1  1952    11.1  1936    11.0  1925     9.2  1938     6.4  1920     3.1  1920     1.5  1990    1.09  1915    3.81  2010   10.38  1921    6.20  1956    5.40  1914
     0.8  1970     0.8  2015     1.7  2001     3.5  1982     6.2  1943     9.1  1911    11.1  1931    10.9  2007     9.2  1935     6.4  1914     3.1  1914     1.4  1999    1.08  1981    3.81  1928   10.37  1987    6.18  1921    5.39  1970
     0.8  1962     0.7  2012     1.7  1940     3.5  1981     6.1  1997     9.0  1999    11.1  1914    10.9  1976     9.1  1977     6.3  1941     3.0  2013     1.4  1973    1.07  1984    3.78  1978   10.36  1943    6.14  2003    5.38  1978
     0.7  1992     0.7  2001     1.7  1911     3.5  1934     6.1  1983     9.0  1995    11.0  1981    10.9  1950     9.1  1942     6.3  1938     3.0  1989     1.3  1991    1.07  1928    3.74  1976   10.35  1971    6.13  1966    5.38  1920
     0.7  1934     0.7  1973     1.5  1975     3.5  1928     6.1  1936     9.0  1961    11.0  1979    10.9  1945     9.0  1959     6.3  1927     3.0  1912     1.3  1970    1.06  1983    3.73  1983   10.35  1964    6.11  1929    5.36  1932
     0.7  1911     0.7  1933     1.5  1973     3.4  1971     6.1  1932     9.0  1958    10.9  1996    10.9  1936     9.0  1950     6.2  1962     2.9  1961     1.3  1930    1.00  1978    3.71  1982   10.35  1939    6.08  1981    5.33  1973
     0.6  1953     0.6  1960     1.5  1910     3.4  1965     6.1  1910     9.0  1948    10.9  1988    10.9  1935     8.9  1994     6.2  1928     2.9  1929     1.3  1926    0.97  2013    3.69  1918   10.33  1960    6.05  1935    5.33  1946
     0.6  1912     0.6  1931     1.4  2006     3.3  1976     6.0  1971     9.0  1937    10.9  1977    10.9  1921     8.9  1971     6.1  2002     2.8  1979     1.3  1920    0.88  1933    3.68  1985   10.29  1996    5.99  1971    5.32  1980
     0.5  1961     0.6  1927     1.4  1984     3.3  1923     6.0  1966     9.0  1920    10.9  1973    10.9  1914     8.9  1960     6.1  1994     2.8  1972     1.2  1978    0.88  1919    3.66  1987   10.28  1938    5.97  2012    5.32  1954
     0.5  1922     0.5  1951     1.4  1971     3.2  1962     6.0  1939     8.9  2015    10.9  1953    10.9  1910     8.9  1921     6.0  2012     2.8  1956     1.2  1938    0.78  1997    3.64  1954   10.28  1931    5.96  1928    5.30  1947
     0.4  2001     0.5  1915     1.4  1918     3.2  1911     6.0  1930     8.9  1955    10.8  1993    10.8  1998     8.8  1964     6.0  1997     2.8  1944     1.1  2005    0.75  1918    3.64  1923   10.27  1914    5.95  1955    5.30  1924
     0.4  1986     0.4  1984     1.3  1996     3.1  2016     5.9  1967     8.8  1978    10.8  1990    10.8  1961     8.8  1957     6.0  1950     2.8  1933     1.1  1965    0.74  1958    3.63  1965   10.25  2011    5.91  1985    5.27  1964
     0.4  1984     0.4  1944     1.2  1995     3.1  2012     5.9  1961     8.8  1949    10.8  1970    10.7  2014     8.8  1932     6.0  1947     2.8  1927     1.1  1960    0.69  1931    3.63  1925   10.25  1980    5.90  1927    5.27  1944
     0.4  1965     0.4  1916     1.2  1980     3.1  1916     5.9  1956     8.8  1925    10.8  1948    10.7  1977     8.7  2003     6.0  1923     2.7  1943     1.0  1957    0.68  1924    3.61  1973   10.25  1923    5.89  1950    5.25  1969
     0.4  1956     0.3  2003     1.2  1979     3.1  1912     5.9  1934     8.8  1913    10.8  1939    10.6  1988     8.6  1979     5.9  1987     2.7  1926     0.9  1967    0.60  2009    3.61  1971   10.24  1966    5.89  1920    5.24  1981
     0.3  1991     0.3  1965     1.2  1964     3.0  1974     5.8  2010     8.7  1989    10.8  1930    10.6  1985     8.6  1975     5.9  1975     2.7  1911     0.8  1982    0.55  1955    3.60  1935   10.19  1942    5.88  1988    5.23  1936
     0.3  1918     0.2  2013     1.2  1930     3.0  1968     5.8  1982     8.7  1987    10.8  1928    10.6  1978     8.6  1927     5.9  1948     2.6  1976     0.8  1940    0.53  1952    3.57  1944   10.19  1910    5.88  1943    5.23  1912
     0.3  1914     0.2  1987     1.2  1925     3.0  1950     5.8  1921     8.7  1974    10.7  2000    10.6  1948     8.6  1916     5.7  2008     2.6  1950     0.7  2008    0.49  1953    3.54  1975   10.17  1979    5.88  1936    5.22  1987
     0.3  1910     0.1  1924     1.2  1922     2.9  2013     5.7  2013     8.7  1967    10.6  1984    10.6  1928     8.5  2012     5.7  1953     2.6  1930     0.7  1992    0.44  1996    3.53  1974   10.13  1948    5.85  1942    5.22  1927
     0.2  1966     0.0  1994     1.0  1986     2.9  1977     5.7  1974     8.7  1957    10.6  1974    10.6  1919     8.5  1963     5.7  1940     2.5  2005     0.7  1943    0.37  1969    3.52  1953   10.08  1961    5.80  1917    5.21  1951
     0.2  1964     0.0  1932     1.0  1976     2.9  1925     5.7  1963     8.7  1914    10.6  1972    10.6  1915     8.5  1962     5.6  1944     2.5  1998     0.6  1944    0.35  1964    3.51  1968   10.07  1993    5.80  1914    5.21  1918
     0.2  1931    -0.1  1941     1.0  1942     2.9  1921     5.7  1962     8.6  1944    10.6  1960    10.5  1964     8.4  1993     5.6  1935     2.4  2016     0.5  1968    0.34  1968    3.50  1946   10.06  1927    5.76  1932    5.20  1972
     0.1  1978    -0.1  1930     1.0  1915     2.8  1910     5.7  1927     8.6  1939    10.6  1943    10.5  1951     8.4  1943     5.6  1911     2.4  1975     0.4  1939    0.34  1945    3.50  1942   10.05  1940    5.72  1986    5.20  1928
     0.0  2009    -0.2  2010     0.9  1949     2.7  1990     5.6  1942     8.6  1919    10.6  1917    10.4  1929     8.4  1937     5.5  1956     2.3  2010     0.4  1923    0.32  1962    3.50  1910   10.02  1985    5.71  1973    5.18  1910
     0.0  1958    -0.2  1934     0.9  1946     2.7  1953     5.6  1929     8.5  1996    10.5  1968    10.3  1979     8.4  1911     5.5  1929     2.2  1996     0.3  1996    0.32  1959    3.44  1980   10.01  1986    5.71  1964    5.10  1996
     0.0  1954    -0.3  1981     0.8  1941     2.7  1915     5.6  1928     8.5  1921    10.5  1942    10.3  1960     8.3  1990     5.5  1918     2.2  1973     0.3  1969    0.28  1987    3.39  1934    9.96  1963    5.70  1992    5.04  1916
     0.0  1919    -0.3  1952     0.8  1934     2.6  1973     5.6  1914     8.4  1956    10.4  2011    10.3  1954     8.3  1954     5.4  1951     2.2  1966     0.2  2001    0.27  1977    3.30  1979    9.96  1951    5.64  1975    5.02  1931
    -0.1  1946    -0.5  1970     0.7  1965     2.6  1970     5.5  1938     8.4  1932    10.4  1961    10.3  1923     8.2  1965     5.3  1952     2.2  1962     0.2  1935    0.24  1970    3.27  1970    9.93  1978    5.64  1962    5.02  1923
    -0.2  1977    -0.5  1940     0.7  1951     2.6  1969     5.4  1980     8.4  1926    10.4  1929    10.2  1974     8.2  1920     5.2  1973     2.2  1936     0.1  2009    0.22  1986    3.26  1931    9.88  1954    5.61  1926    5.01  1952
    -0.3  1955    -0.6  1978     0.6  1985     2.6  1958     5.4  1977     8.4  1922    10.3  1978    10.2  1972     8.2  1915     5.1  1915     2.1  1971     0.1  1937    0.21  2011    3.21  1916    9.88  1912    5.59  1911    5.01  1925
    -0.4  1952    -0.8  1996     0.5  1987     2.6  1932     5.4  1951     8.3  1975    10.3  1966    10.2  1962     8.2  1910     5.0  1980     2.0  1922     0.1  1928    0.14  1965    3.20  1919    9.87  1974    5.58  1937    4.95  1985
    -0.5  1917    -0.8  1954     0.5  1944     2.6  1918     5.4  1949     8.3  1969    10.3  1938    10.2  1941     8.1  2015     5.0  1936     1.9  1969     0.0  1952    0.10  1936    3.19  1969    9.82  1977    5.56  1940    4.93  1955
    -0.6  1982    -0.8  1936     0.4  1953     2.5  1978     5.4  1948     8.3  1951    10.3  1924    10.2  1940     8.1  1918     4.9  2003     1.9  1937    -0.2  1995    0.07  1991    3.18  1986    9.82  1946    5.48  1972    4.92  2010
    -0.7  1997    -1.0  1985     0.3  1969     2.5  1919     5.4  1946     8.3  1942    10.3  1918    10.1  1966     7.9  1974     4.9  1993     1.9  1918    -0.2  1964   -0.02  1951    3.14  1996    9.81  1928    5.45  1931    4.87  1941
    -0.8  1980    -1.1  1968     0.3  1932     2.4  1989     5.4  1944     8.2  1971    10.2  1962    10.1  1963     7.9  1922     4.8  1955     1.8  1967    -0.2  1927   -0.15  1934    3.10  1956    9.76  1924    5.43  1944    4.85  1965
    -0.8  1933    -1.2  1983     0.2  1929     2.4  1983     5.4  1926     8.2  1946    10.1  1980    10.1  1934     7.9  1919     4.8  1932     1.7  1942    -0.2  1925   -0.33  1956    3.06  1922    9.73  1956    5.42  1965    4.82  1942
    -0.9  1947    -1.3  1919     0.2  1916     2.4  1941     5.3  1987     8.2  1915    10.1  1954    10.0  1965     7.9  1914     4.5  1981     1.6  1993    -0.3  1963   -0.42  1941    3.03  1915    9.68  1965    5.21  1974    4.76  1979
    -1.1  1929    -1.5  1979     0.0  1958     2.3  1984     5.3  1915     8.0  1985    10.1  1916    10.0  1946     7.8  1944     4.4  1964     1.5  1921    -0.3  1946   -0.44  1985    3.00  1932    9.61  1929    5.20  1910    4.76  1956
    -1.3  2010    -1.7  1991     0.0  1947     2.3  1954     5.2  1979     8.0  1962    10.0  1963    10.0  1931     7.6  1931     4.4  1939     1.4  1988    -0.8  1976   -0.45  2010    2.99  1958    9.61  1918    5.15  1918    4.72  1986
    -1.7  1959    -1.9  1955     0.0  1919     2.3  1924     5.2  1968     8.0  1929    10.0  1940    10.0  1913     7.6  1923     4.4  1931     1.3  1965    -0.8  1961   -0.69  1982    2.90  1984    9.59  1913    4.95  1993    4.56  1940
    -1.9  1987    -2.1  1969    -0.2  1970     2.2  1938     5.2  1957     7.9  1991    10.0  1920     9.8  1924     7.5  1940     4.4  1922     1.1  1952    -0.9  1917   -0.85  1942    2.84  1924    9.58  1915    4.74  1922    4.56  1915
    -1.9  1941    -2.4  1917    -0.2  1937     2.1  1951     5.1  1975     7.9  1928    10.0  1913     9.7  1993     7.4  1928     4.3  1974     0.6  1985    -1.0  1933   -1.24  1929    2.78  2013    9.52  1916    4.71  1925    4.54  1922
    -2.0  1942    -2.9  1929    -0.3  2013     2.0  1936     4.9  1984     7.9  1923    10.0  1910     9.5  1986     7.2  1972     4.1  1992     0.5  1925    -1.0  1916   -1.25  1917    2.75  1951    9.49  1919    4.54  1912    4.47  1929
    -2.4  1985    -3.0  1942    -0.4  1931     1.9  1986     4.9  1955     7.8  1977     9.9  1915     9.3  1956     7.1  1925     4.1  1926     0.1  1919    -1.4  1950   -1.27  1979    2.71  1955    9.46  1962    4.50  1923    4.44  1963
    -2.7  1945    -3.7  1986    -0.7  1924     1.7  1929     4.9  1923     7.6  1927     9.7  1965     9.1  1922     7.1  1912     3.5  1912    -0.2  1923    -1.6  1962   -1.60  1940    2.49  1929    9.41  1972    4.41  1952    4.42  1962
    -3.6  1979    -3.9  1963    -0.8  1917     1.5  1956     4.7  1935     7.4  1972     9.2  1922     9.0  1920     6.8  1952     3.3  1917    -0.2  1910    -2.8  1981   -1.65  1947    2.45  1962    9.37  1920    4.29  1915    4.36  1917
    -4.6  1940    -3.9  1956    -1.1  1955     1.1  1922     4.4  1996     7.4  1918     9.2  1919     8.9  1912     6.3  1986     2.8  1919    -0.5  1915    -3.5  2010   -3.43  1963    2.45  1941    8.92  1922    3.61  1919    4.17  1919
    -4.9  1963    -4.0  1947    -1.6  1962     0.5  1917     4.1  1941     7.1  1916                                                                                                      2.20  1917
