Scotland Minimum Temperature (Degrees C)
Areal series, starting from 1910
Allowances have been made for topographic, coastal and urban effects where relationships are found to exist.
Seasons: Winter=Dec-Feb, Spring=Mar-May, Summer=June-Aug, Autumn=Sept-Nov. (Winter: Year refers to Jan/Feb).
Monthly values are ranked and displayed to 1 dp and seasonal/annual values to 2 dp. Where values are equal, rankings are based in order of year descending.
Data are provisional from January 2017 and Winter 2017.  Last updated 03/07/2017.

     JAN  Year     FEB  Year     MAR  Year     APR  Year     MAY  Year     JUN  Year     JUL  Year     AUG  Year    SEP   Year     OCT  Year     NOV  Year     DEC  Year     WIN  Year     SPR  Year     SUM  Year     AUT  Year     ANN  Year
     3.2  1989     4.1  1998     4.2  1938     4.7  2011     6.2  2014     9.2  2014    11.1  2003    11.0  2004     9.7  2006     8.3  2001     5.2  1994     3.8  1934    2.54  1989    4.31  2014   10.12  2003    6.81  2011    5.24  2014
     2.5  1916     2.5  1993     3.6  1957     4.5  2007     6.2  2008     9.2  2003    11.0  1991    11.0  1997     9.5  2016     7.6  1969     4.8  2011     3.5  1988    2.13  1998    3.79  2011    9.85  1933    6.65  2006    4.88  2004
     2.2  1923     2.3  1918     3.5  1961     4.4  2014     6.2  1964     8.9  2017    11.0  1933    10.7  1975     9.1  1999     7.0  2005     4.6  1997     3.5  1971    1.82  1935    3.74  1961    9.77  2006    6.38  2001    4.87  2005
     2.0  1996     1.9  1945     3.4  1945     4.1  2004     6.1  1952     8.9  1966    10.9  2006    10.5  2002     9.1  1941     6.9  1995     4.1  1953     3.4  1924    1.80  1925    3.71  1945    9.57  2004    6.24  2014    4.86  2007
     2.0  1932     1.9  1943     3.3  2012     4.1  1943     6.0  2017     8.7  2005    10.8  2013    10.4  2008     9.0  1958     6.8  2011     3.9  2002     2.8  2016    1.79  1932    3.69  2007    9.50  2013    6.17  1953    4.86  2002
     1.9  2007     1.9  1934     3.1  1990     3.9  2009     6.0  1970     8.7  1992    10.5  2008    10.3  1995     8.9  2014     6.8  2006     3.9  1938     2.7  1974    1.78  2014    3.68  2017    9.44  2008    6.10  1978    4.85  2006
     1.7  1974     1.7  2012     2.8  1997     3.9  1944     5.9  1999     8.7  1976    10.4  1976    10.3  1991     8.8  2011     6.8  1978     3.8  2014     2.6  2015    1.78  1923    3.66  2004    9.43  2002    6.00  1999    4.76  2011
     1.6  2005     1.7  1961     2.6  2005     3.7  2003     5.9  1918     8.6  2016    10.3  1983    10.3  1959     8.8  2009     6.8  1977     3.8  1931     2.6  1931    1.70  2007    3.65  1999    9.37  1997    5.93  1949    4.76  1997
     1.6  1990     1.7  1939     2.4  2014     3.6  1949     5.8  1992     8.6  2004    10.2  1934    10.2  2009     8.8  1949     6.8  1921     3.7  1920     2.5  2013    1.63  2017    3.56  1992    9.36  2009    5.93  1945    4.67  1990
     1.6  1983     1.5  2014     2.4  2000     3.6  1933     5.7  2002     8.6  2002    10.1  1995    10.2  1990     8.7  1980     6.7  2013     3.6  2015     2.3  1956    1.42  1943    3.55  2003    9.34  2016    5.84  2009    4.67  1953
     1.6  1925     1.5  1990     2.2  1948     3.5  1960     5.7  1998     8.5  2010    10.1  1944    10.2  1969     8.6  2005     6.7  1968     3.6  1955     2.2  1910    1.35  1972    3.55  1952    9.34  1947    5.84  1995    4.60  1999
     1.5  1944     1.4  1926     2.1  1950     3.4  1999     5.7  1953     8.5  2006    10.1  1923    10.2  1955     8.6  2000     6.7  1959     3.5  1951     2.1  1975    1.27  1976    3.55  1938    9.29  2014    5.76  2005    4.60  1945
     1.5  1934     1.4  1914     2.1  1943     3.4  1937     5.7  1940     8.5  1960    10.0  2014    10.2  1917     8.6  1998     6.4  1979     3.5  1945     2.1  1953    1.24  1949    3.51  2002    9.28  2005    5.67  1958    4.57  2003
     1.4  2002     1.3  2017     2.0  1992     3.4  1926     5.7  1919     8.4  2007    10.0  2009    10.1  2013     8.6  1966     6.4  1949     3.5  1924     2.1  1942    1.21  1975    3.51  1943    9.28  1976    5.64  1938    4.57  1949
     1.4  1921     1.3  2007     2.0  1983     3.3  1987     5.6  2016     8.4  1970    10.0  1945    10.1  2003     8.6  1953     6.2  1990     3.4  2007     2.1  1921    1.20  2005    3.50  1960    9.22  1959    5.61  1951    4.55  1998
     1.3  2014     1.3  1967     1.9  1998     3.3  1961     5.6  2004     8.3  1940    10.0  1925    10.1  1983     8.4  1945     6.1  1996     3.4  2006     1.9  1997    1.19  1934    3.50  1933    9.21  1995    5.57  2007    4.55  1938
     1.3  1950     1.3  1923     1.9  1991     3.2  2017     5.6  2003     8.3  1933     9.9  2010    10.1  1947     8.3  2004     6.1  1962     3.4  2004     1.9  1954    1.07  1911    3.49  2009    9.15  1983    5.54  1959    4.50  2016
     1.1  2000     1.2  1992     1.9  1959     3.2  2002     5.6  1960     8.2  1988     9.9  1927    10.1  1933     8.3  1978     6.0  2014     3.4  2003     1.8  2006    0.94  1971    3.47  1997    9.13  1991    5.52  2004    4.50  2009
     1.1  1938     1.2  1920     1.8  2017     3.2  1997     5.6  1947     8.2  1950     9.8  2016    10.0  1996     8.3  1961     6.0  2007     3.4  1984     1.8  1948    0.93  1992    3.44  1990    9.11  1975    5.44  1997    4.49  1933
     1.1  1937     1.1  1974     1.8  2007     3.2  1996     5.5  2011     8.2  1947     9.8  1999    10.0  1942     8.3  1946     6.0  1989     3.3  1916     1.8  1941    0.93  1974    3.40  1959    9.05  2010    5.44  1968    4.46  1934
     1.1  1935     1.1  1949     1.8  1936     3.2  1993     5.5  1925     8.1  1963     9.8  1997    10.0  1911     8.2  1956     6.0  1943     3.3  1913     1.8  1922    0.87  2012    3.37  1964    9.01  1990    5.35  1994    4.44  1943
     1.1  1926     1.1  1921     1.8  1912     3.2  1964     5.4  2001     8.1  1953     9.8  1994     9.9  1939     8.2  1955     5.9  2009     3.2  1917     1.8  1911    0.87  1993    3.29  1991    9.01  1984    5.33  1913    4.41  2000
     1.0  1973     1.0  2011     1.7  2002     3.1  1952     5.4  1959     8.0  1993     9.8  1989     9.9  1918     8.2  1929     5.9  1999     3.1  2001     1.7  1983    0.86  2016    3.28  2005    8.99  1945    5.29  1920    4.41  1988
     1.0  1971     0.9  2000     1.7  1977     3.1  1946     5.4  1911     8.0  1984     9.7  2005     9.8  2006     8.1  1981     5.9  1953     3.1  1995     1.7  1977    0.79  1921    3.27  1957    8.95  2007    5.25  1941    4.38  1971
     1.0  1964     0.9  1971     1.7  1966     3.1  1945     5.3  1991     7.9  1982     9.7  1975     9.8  1936     8.1  1936     5.9  1947     3.1  1983     1.7  1932    0.78  1927    3.09  1998    8.95  1969    5.24  2015    4.33  2008
     1.0  1953     0.8  1997     1.7  1935     3.0  2005     5.3  1981     7.9  1965     9.7  1941     9.7  2016     8.0  2008     5.9  1945     3.1  1978     1.6  1984    0.72  1957    3.06  1944    8.95  1944    5.23  1956    4.32  1959
     0.9  2004     0.8  1982     1.7  1933     3.0  1914     5.3  1956     7.8  2009     9.7  1932     9.7  2012     8.0  2002     5.8  1960     3.1  1948     1.5  2004    0.71  1999    3.01  1993    8.94  1934    5.21  2013    4.30  1921
     0.9  1976     0.8  1976     1.7  1927     2.9  1992     5.3  1933     7.8  1980     9.6  2001     9.7  1949     8.0  1971     5.8  1958     3.1  1939     1.5  2002    0.70  1967    2.99  2000    8.92  1925    5.20  2002    4.28  1983
     0.9  1911     0.8  1953     1.6  2009     2.9  1982     5.2  1990     7.8  1959     9.6  1959     9.7  1944     8.0  1970     5.7  1961     3.0  1999     1.4  1980    0.68  1937    2.99  1912    8.89  1982    5.17  2000    4.27  1989
     0.8  2017     0.7  2008     1.6  1999     2.9  1959     5.2  1986     7.8  1935     9.6  1947     9.7  1935     7.9  2010     5.7  1951     2.8  2009     1.4  1945    0.68  1922    2.95  2012    8.84  1930    5.13  1984    4.24  1976
     0.8  1975     0.7  2002     1.5  1967     2.9  1955     5.2  1976     7.7  1912     9.6  1931     9.6  1970     7.9  1939     5.6  1985     2.8  1959     1.4  1929    0.66  1990    2.90  2008    8.83  1955    5.12  1971    4.22  2013
     0.8  1967     0.7  1989     1.5  1920     2.9  1930     5.2  1954     7.6  1979     9.6  1926     9.6  1930     7.9  1933     5.6  1975     2.8  1957     1.3  1926    0.65  2006    2.84  1920    8.83  1953    5.09  1955    4.18  2015
     0.8  1949     0.7  1980     1.4  2003     2.8  1980     5.1  1939     7.6  1973     9.6  1921     9.5  2000     7.8  1996     5.6  1971     2.8  1946     1.3  1918    0.65  1944    2.81  1976    8.83  1950    5.08  1983    4.18  1991
     0.8  1924     0.7  1946     1.4  1960     2.8  1976     5.1  1937     7.6  1925     9.5  1987     9.5  1984     7.8  1988     5.5  1986     2.8  1928     1.2  1998    0.64  1914    2.81  1939    8.83  1911    5.08  1947    4.18  1948
     0.7  2016     0.7  1932     1.4  1952     2.7  1948     5.0  2009     7.5  2013     9.5  1984     9.5  1980     7.8  1976     5.5  1913     2.7  1987     1.2  1994    0.62  1988    2.81  1926    8.82  1935    5.07  1943    4.16  1957
     0.7  2013     0.6  1988     1.4  1926     2.6  2010     5.0  1989     7.5  1990     9.5  1969     9.4  2005     7.8  1968     5.4  1982     2.7  1956     1.2  1987    0.56  2008    2.79  1972    8.79  1936    5.06  1921    4.14  1975
     0.7  2008     0.6  1928     1.3  2004     2.6  1991     5.0  1978     7.5  1945     9.5  1957     9.4  2001     7.7  2013     5.4  1976     2.5  1986     1.2  1972    0.53  1913    2.78  1948    8.78  1988    5.05  1989    4.10  1967
     0.7  2006     0.6  1924     1.3  1993     2.6  1972     5.0  1974     7.5  1943     9.5  1949     9.4  1978     7.7  2001     5.4  1965     2.5  1981     1.1  2005    0.52  2002    2.76  2016    8.78  1926    5.04  1961    4.10  1939
     0.7  1999     0.6  1913     1.3  1981     2.5  1995     5.0  1965     7.5  1930     9.5  1946     9.4  1958     7.7  1969     5.4  1963     2.5  1949     1.1  1991    0.52  1973    2.73  1940    8.77  1932    5.04  1946    4.09  1992
     0.7  1969     0.5  1984     1.3  1978     2.5  1975     4.9  1972     7.5  1913     9.5  1936     9.4  1945     7.7  1967     5.4  1938     2.3  1982     1.1  1951    0.48  1964    2.68  1949    8.73  1970    5.03  1948    4.09  1961
     0.6  2012     0.5  1964     1.3  1910     2.5  1963     4.9  1971     7.4  2008     9.4  1985     9.4  1937     7.7  1951     5.3  1954     2.3  1964     1.1  1947    0.48  1946    2.65  1981    8.73  1949    5.02  1970    4.09  1926
     0.6  1998     0.5  1938     1.2  2016     2.5  1957     4.9  1931     7.4  1994     9.4  1982     9.4  1932     7.7  1934     5.3  1920     2.3  1943     1.1  1936    0.46  2000    2.63  1950    8.72  2001    4.99  1990    4.08  2001
     0.6  1928     0.5  1935     1.2  2011     2.5  1928     4.9  1920     7.4  1934     9.4  1955     9.4  1927     7.7  1930     5.3  1910     2.2  1963     0.9  2000    0.46  1916    2.63  1928    8.71  1996    4.99  1916    4.08  1995
     0.6  1927     0.5  1927     1.2  1923     2.5  1912     4.8  2007     7.4  1914     9.4  1930     9.4  1915     7.7  1917     5.2  1972     2.2  1958     0.9  1985    0.44  1920    2.57  1911    8.69  1992    4.96  1982    4.06  1994
     0.5  1993     0.4  2009     1.2  1921     2.4  1947     4.8  1988     7.3  1996     9.3  2007     9.4  1910     7.6  1995     5.2  1957     2.2  1929     0.9  1970    0.43  1912    2.55  1988    8.66  1980    4.95  1933    4.04  1920
     0.5  1992     0.4  2005     1.1  2015     2.4  1938     4.8  1936     7.3  1986     9.3  1990     9.3  1998     7.6  1947     5.2  1933     2.2  1922     0.9  1959    0.42  1953    2.54  1978    8.64  1994    4.93  1976    4.04  1913
     0.5  1972     0.3  1948     1.1  1939     2.3  1988     4.7  2000     7.3  1978     9.3  1951     9.3  1982     7.6  1938     5.2  1930     2.1  2008     0.9  1930    0.39  1924    2.52  1971    8.63  1989    4.93  1924    4.03  2012
     0.5  1957     0.2  1995     1.0  1994     2.3  1985     4.7  1944     7.3  1968     9.2  2002     9.3  1981     7.5  1985     5.2  1925     2.1  1990     0.8  1986    0.38  1950    2.52  1946    8.63  1939    4.92  2016    4.03  1944
     0.4  1930     0.2  1962     1.0  1956     2.3  1940     4.7  1922     7.3  1961     9.2  1973     9.3  1926     7.5  1973     5.1  2015     2.1  1989     0.8  1912    0.31  2004    2.48  1982    8.62  1960    4.91  1963    4.03  1932
     0.3  1943     0.2  1925     1.0  1928     2.2  1939     4.6  2006     7.3  1954     9.2  1958     9.3  1916     7.5  1948     5.1  2000     2.0  1991     0.7  1967    0.30  2003    2.48  1967    8.62  1917    4.89  1979    4.02  1964
     0.2  1913     0.1  2015     0.9  1989     2.2  1916     4.6  1945     7.3  1948     9.2  1953     9.2  2015     7.5  1921     5.1  1991     2.0  1980     0.7  1949    0.24  1981    2.47  1918    8.61  1958    4.88  1977    4.01  1984
     0.1  1988     0.1  2006     0.9  1973     2.1  1967     4.6  1917     7.3  1938     9.2  1950     9.2  1989     7.4  2003     5.1  1970     2.0  1940     0.7  1943    0.23  1948    2.46  1925    8.60  1999    4.88  1962    4.01  1924
     0.0  2003     0.1  1999     0.9  1968     2.1  1920     4.6  1913     7.3  1926     9.2  1916     9.2  1953     7.3  2007     5.0  2010     1.9  1970     0.7  1913    0.21  1954    2.38  1963    8.60  1973    4.85  1988    4.00  1911
     0.0  1962     0.1  1975     0.8  1972     2.0  2008     4.6  1912     7.2  1997     9.2  1914     9.2  1934     7.3  1983     5.0  1988     1.9  1932     0.6  1979    0.21  1939    2.38  1914    8.59  2012    4.85  1969    3.99  1980
     0.0  1954     0.1  1922     0.8  1963     2.0  1990     4.6  1910     7.2  1995     9.2  1911     9.2  1914     7.2  2012     5.0  1940     1.9  1927     0.6  1978    0.19  1995    2.37  1936    8.59  1914    4.78  1980    3.98  1982
    -0.1  2015     0.0  1972     0.7  1982     2.0  1984     4.5  1997     7.2  1981     9.1  2004     9.1  2007     7.2  1997     4.9  2016     1.9  1914     0.5  1990    0.18  1926    2.37  1921    8.58  1937    4.78  1929    3.97  1974
    -0.1  2009     0.0  1911     0.7  1971     2.0  1971     4.5  1995     7.2  1958     9.1  1998     9.1  1988     7.2  1965     4.9  2004     1.8  2012     0.5  1957    0.11  2015    2.35  1989    8.51  1981    4.77  1957    3.95  1914
    -0.1  1994    -0.1  1912     0.7  1964     2.0  1942     4.5  1993     7.2  1941     9.1  1992     9.1  1957     7.2  1942     4.9  1984     1.8  2000     0.4  2014    0.09  1980    2.33  1983    8.51  1940    4.76  1960    3.93  1978
    -0.1  1914    -0.2  2004     0.7  1953     2.0  1911     4.5  1985     7.2  1937     9.1  1988     9.1  1952     7.2  1926     4.9  1983     1.8  1988     0.4  2011    0.07  1933    2.33  1974    8.47  2000    4.71  1996    3.89  1996
    -0.2  1981    -0.3  1965     0.6  1974     1.9  2006     4.5  1973     7.2  1920     9.1  1977     9.1  1950     7.2  1916     4.9  1956     1.8  1975     0.4  1944    0.01  1938    2.33  1953    8.46  1998    4.71  1991    3.88  1960
    -0.2  1968    -0.3  1959     0.6  1918     1.9  1994     4.5  1969     7.2  1911     9.1  1952     9.1  1925     7.2  1913     4.9  1942     1.8  1974     0.4  1938   -0.05  1931    2.29  2015    8.43  1957    4.70  1939    3.87  1946
    -0.2  1922    -0.3  1937     0.5  2008     1.9  1979     4.5  1950     7.1  2012     9.1  1948     9.0  1973     7.1  1992     4.9  1941     1.8  1968     0.3  2007   -0.08  1984    2.29  2010    8.42  1941    4.69  1931    3.87  1916
    -0.2  1920    -0.3  1933     0.5  1996     1.9  1931     4.4  2013     7.1  2001     9.1  1937     8.9  2011     7.1  1984     4.9  1914     1.8  1941     0.3  1940   -0.08  1930    2.29  1977    8.40  1948    4.68  2008    3.84  1935
    -0.4  1919    -0.4  1944     0.5  1988     1.9  1915     4.4  1983     7.1  2000     9.0  1986     8.9  1971     7.1  1982     4.8  1937     1.8  1935     0.3  1939   -0.10  1928    2.29  1954    8.37  1942    4.68  1998    3.83  1930
    -0.4  1912    -0.5  1981     0.5  1946     1.8  2015     4.4  1961     7.1  1999     9.0  1981     8.9  1967     7.1  1963     4.6  1997     1.8  1933     0.3  1933   -0.12  2013    2.27  1956    8.32  1967    4.66  1975    3.82  1936
    -0.5  2011    -0.5  1915     0.5  1944     1.8  2001     4.4  1943     7.1  1969     9.0  1979     8.8  2010     7.1  1959     4.6  1950     1.7  1971     0.3  1919   -0.12  2009    2.27  1910    8.32  1952    4.65  2003    3.79  1993
    -0.5  1970    -0.6  1931     0.5  1932     1.8  2000     4.4  1934     7.1  1932     9.0  1967     8.8  1999     7.1  1937     4.6  1934     1.7  1960     0.2  2003   -0.16  1961    2.22  1935    8.29  1978    4.59  1936    3.79  1931
    -0.5  1915    -0.6  1910     0.5  1925     1.8  1968     4.4  1932     7.1  1919     9.0  1964     8.8  1987     7.1  1915     4.6  1927     1.7  1947     0.2  1928   -0.17  1997    2.20  1995    8.28  1918    4.59  1914    3.79  1928
    -0.6  1997    -0.7  2003     0.4  1984     1.8  1935     4.4  1929     7.1  1910     9.0  1956     8.8  1948     7.0  2015     4.6  1924     1.7  1912     0.1  1973   -0.20  1918    2.20  1973    8.27  2015    4.58  1967    3.78  1937
    -0.6  1931    -0.7  1966     0.4  1976     1.8  1921     4.4  1928     7.0  1983     9.0  1939     8.8  1938     7.0  1991     4.6  1923     1.6  2005     0.1  1955   -0.24  1983    2.18  1966    8.27  1966    4.58  1934    3.77  1925
    -0.7  1966    -0.7  1952     0.4  1929     1.8  1919     4.3  2005     7.0  1967     9.0  1935     8.8  1928     7.0  1989     4.5  1967     1.6  1992     0.0  1966   -0.43  2001    2.17  1987    8.25  1979    4.55  1930    3.76  1973
    -0.7  1951    -0.7  1916     0.3  1986     1.7  1958     4.3  1949     7.0  1964     8.9  2012     8.8  1924     7.0  1987     4.5  1948     1.6  1954     0.0  1963   -0.50  1919    2.17  1985    8.25  1938    4.53  1986    3.75  1970
    -0.7  1947    -0.8  2016     0.3  1911     1.7  1934     4.3  1916     7.0  1944     8.9  1971     8.7  1994     7.0  1964     4.4  1994     1.6  1937    -0.1  1920   -0.58  1996    2.17  1927    8.23  1923    4.49  1937    3.73  1977
    -0.7  1946    -0.8  1977     0.2  2010     1.7  1913     4.2  2012     7.0  1939     8.9  1924     8.7  1976     7.0  1962     4.4  1928     1.5  1976    -0.2  2012   -0.58  1915    2.16  1937    8.21  1963    4.43  1964    3.73  1950
    -0.8  1995    -0.8  1973     0.2  1949     1.6  1998     4.2  1924     7.0  1936     8.9  1912     8.7  1954     7.0  1950     4.4  1918     1.5  1967    -0.2  1992   -0.62  1994    2.16  1913    8.20  1924    4.40  1966    3.70  1954
    -0.8  1948    -0.9  1957     0.2  1940     1.6  1965     4.1  1980     6.9  2015     8.8  2000     8.7  1929     7.0  1935     4.4  1916     1.5  1962    -0.2  1968   -0.68  1945    2.15  1980    8.19  1921    4.39  1942    3.69  1947
    -0.9  1991    -1.0  2013     0.2  1922     1.6  1954     4.1  1962     6.9  2011     8.8  1996     8.6  2014     7.0  1914     4.2  1936     1.5  1934    -0.2  1958   -0.69  1985    2.13  1996    8.19  1916    4.37  1928    3.68  1972
    -0.9  1960    -1.0  2001     0.2  1913     1.5  2016     4.1  1921     6.9  1998     8.8  1929     8.6  1961     6.9  1979     4.2  1931     1.4  1998    -0.2  1923   -0.70  1991    2.11  1994    8.19  1910    4.34  1987    3.67  1918
    -1.0  1980    -1.0  1994     0.0  1954     1.5  1977     4.1  1914     6.9  1962     8.8  1917     8.6  1960     6.9  1920     4.1  1998     1.4  1936    -0.3  1969   -0.70  1987    2.08  2001    8.17  1987    4.30  2010    3.66  1923
    -1.0  1961    -1.0  1950     0.0  1914     1.5  1927     4.0  2015     6.9  1949     8.7  2015     8.6  1951     6.8  1977     4.1  1946     1.3  1979    -0.3  1962   -0.73  1968    2.06  1930    8.16  1993    4.30  1954    3.63  1927
    -1.1  1917    -1.0  1940    -0.1  1915     1.5  1923     4.0  2010     6.9  1931     8.7  1960     8.6  1940     6.8  1943     4.1  1944     1.2  2013    -0.3  1916   -0.75  1942    2.04  1965    8.16  1927    4.30  1940    3.62  1966
    -1.2  1986    -1.1  1987    -0.3  1985     1.4  1981     4.0  1987     6.9  1924     8.7  1940     8.6  1919     6.8  1910     4.0  2008     1.2  1961    -0.5  1982   -0.76  1960    2.01  2006    8.15  1943    4.27  1917    3.62  1912
    -1.2  1936    -1.2  1985    -0.4  2006     1.4  1974     4.0  1966     6.9  1917     8.7  1928     8.5  1985     6.7  1990     4.0  1966     1.2  1926    -0.5  1952   -0.79  1966    1.98  1984    8.14  1961    4.26  1935    3.61  1968
    -1.3  2001    -1.2  1951    -0.4  1995     1.4  1925     4.0  1938     6.8  1989     8.6  1980     8.5  1974     6.7  1960     4.0  1935     1.2  1911    -0.5  1915   -0.79  1962    1.92  1986    8.14  1931    4.26  1927    3.61  1956
    -1.3  1965    -1.5  1996    -0.4  1980     1.3  2012     4.0  1930     6.8  1975     8.6  1961     8.5  1943     6.7  1932     4.0  1929     1.1  1942    -0.6  2008   -0.84  1965    1.92  1968    8.12  1913    4.18  1965    3.58  1969
    -1.3  1939    -1.5  1958    -0.4  1975     1.3  1978     3.9  1982     6.8  1974     8.6  1938     8.4  1977     6.7  1924     3.9  1964     1.0  1977    -0.6  2001   -0.86  1969    1.89  1970    8.11  2011    4.16  1981    3.58  1958
    -1.3  1933    -1.5  1936    -0.4  1942     1.2  1950     3.9  1963     6.8  1955     8.5  2011     8.4  1968     6.7  1911     3.9  1919     1.0  1972    -0.6  1999   -0.87  1952    1.88  1934    8.07  1946    4.10  1950    3.58  1951
    -1.4  1956    -1.5  1917    -0.4  1934     1.2  1924     3.9  1946     6.8  1946     8.5  1993     8.4  1941     6.5  1994     3.8  2002     0.9  1973    -0.6  1996   -0.90  1978    1.87  1929    8.05  1985    4.07  1973    3.54  1987
    -1.5  1977    -1.7  1954    -0.5  1965     1.1  1989     3.8  1967     6.8  1921     8.5  1968     8.3  1992     6.5  1975     3.8  1915     0.9  1918    -0.6  1946   -0.91  1958    1.83  1932    8.05  1968    4.04  1985    3.53  1910
    -1.5  1942    -1.8  1991    -0.8  1987     1.1  1973     3.7  1977     6.7  1952     8.5  1942     8.3  1963     6.3  1993     3.7  1980     0.8  1921    -0.7  1914   -0.94  1917    1.82  1919    8.05  1964    4.00  1932    3.52  1940
    -1.6  1978    -1.8  1941    -0.8  1930     1.1  1962     3.6  1957     6.6  1957     8.5  1918     8.3  1923     6.3  1957     3.7  1973     0.7  1950    -0.8  1993   -1.13  1970    1.76  1923    8.04  1915    3.91  1972    3.47  1981
    -1.7  1982    -1.9  1929    -0.9  1979     1.1  1941     3.6  1926     6.5  1942     8.5  1913     8.3  1913     6.3  1927     3.7  1952     0.7  1930    -0.9  1965   -1.23  1986    1.76  1916    8.02  1951    3.87  2012    3.47  1942
    -1.7  1918    -2.0  1983    -0.9  1941     1.0  2013     3.5  1994     6.4  1929     8.4  1974     8.2  1964     6.3  1919     3.5  1955     0.6  1966    -0.9  1964   -1.24  1956    1.75  1931    8.01  1954    3.76  1974    3.45  1929
    -1.8  1958    -2.2  1930    -1.0  2001     1.0  1969     3.5  1984     6.4  1922     8.4  1972     8.2  1921     6.2  1931     3.4  1987     0.5  1944    -1.0  1989   -1.27  1955    1.70  1975    8.00  1929    3.76  1922    3.43  1941
    -1.9  1987    -2.4  1960    -1.0  1970     0.9  1910     3.5  1948     6.4  1915     8.4  1943     8.1  1979     6.2  1923     3.4  1974     0.4  1993    -1.0  1960   -1.32  1929    1.69  1942    7.98  1971    3.68  1925    3.42  1955
    -1.9  1955    -2.6  1956    -1.0  1951     0.8  1929     3.5  1942     6.3  1956     8.2  1978     8.1  1972     6.1  1974     3.4  1932     0.3  2016    -1.0  1917   -1.34  1959    1.61  1947    7.90  1974    3.68  1910    3.37  1962
    -1.9  1910    -2.6  1919    -1.1  1916     0.8  1918     3.3  1958     6.3  1918     8.2  1970     8.1  1965     6.0  1940     3.3  1922     0.2  1996    -1.4  1927   -1.40  1936    1.52  1955    7.88  1912    3.61  1911    3.36  1952
    -2.3  1929    -2.7  1942    -1.2  1955     0.7  1966     3.3  1941     6.2  1923     8.2  1966     8.0  1962     5.9  1954     3.3  1912     0.0  2010    -1.5  1937   -1.43  1977    1.44  1915    7.85  1977    3.60  1992    3.35  1985
    -2.4  1984    -2.8  2010    -1.4  1917     0.6  1970     3.3  1927     6.1  1985     8.2  1963     7.9  1993     5.9  1944     3.1  2003     0.0  1925    -1.5  1935   -1.46  1951    1.38  1922    7.82  1986    3.54  1944    3.29  1965
    -2.5  2010    -2.8  1979    -1.5  2013     0.6  1953     3.2  1951     6.1  1971     8.2  1915     7.9  1946     5.9  1928     3.1  1993    -0.2  1965    -1.9  1976   -1.50  1940    1.34  1969    7.72  1919    3.50  1912    3.28  1986
    -2.5  1985    -2.8  1970    -1.5  1969     0.6  1932     3.2  1935     6.1  1951     8.1  1954     7.9  1931     5.9  1922     3.1  1939    -0.3  1952    -1.9  1925   -1.62  1982    1.33  1979    7.71  1965    3.47  1923    3.23  1963
    -2.9  1952    -2.9  1968    -1.6  1931     0.5  1983     3.1  1968     6.0  1991     8.0  1920     7.8  1966     5.8  1925     3.0  1911    -0.4  1923    -2.3  1995   -1.64  2011    1.28  2013    7.67  1928    3.44  1926    3.20  1922
    -3.4  1959    -3.1  1978    -1.6  1924     0.5  1956     3.0  1979     6.0  1987     8.0  1910     7.8  1920     5.5  1986     2.7  2012    -0.8  1969    -2.4  1961   -1.67  1941    1.26  1924    7.67  1920    3.28  1918    3.19  1917
    -3.6  1941    -3.4  1969    -1.7  1958     0.4  1936     3.0  1975     6.0  1977     7.8  1962     7.5  1922     5.5  1972     2.2  1992    -1.0  1985    -2.5  2009   -1.96  1947    1.14  1941    7.58  1962    3.26  1993    3.13  1979
    -3.8  1963    -3.6  1986    -1.9  1937     0.3  1986     2.9  1955     6.0  1916     7.5  1919     7.2  1986     5.5  1912     2.0  1926    -1.1  1910    -2.5  1950   -2.05  1979    1.10  1958    7.43  1972    3.21  1915    3.07  2010
    -3.8  1940    -4.1  1955    -2.1  1919     0.3  1951     2.8  1996     5.7  1972     7.2  1965     7.0  1956     5.2  1952     2.0  1917    -1.3  1915    -3.8  1981   -2.57  2010    1.03  1962    7.42  1956    2.89  1952    3.07  1915
    -4.0  1979    -4.4  1963    -2.2  1962    -0.4  1917     2.6  1923     5.4  1928     7.2  1922     7.0  1912     4.5  1918     1.9  1981    -1.6  1919    -5.1  2010   -2.77  1963    0.94  1917    7.03  1922    2.88  1919    2.91  1919
    -4.1  1945    -4.9  1947    -3.1  1947    -0.8  1922     2.5  1915     5.1  1927                                                                                                      0.85  1951
