Wales Minimum Temperature (Degrees C)
Areal series, starting from 1910
Allowances have been made for topographic, coastal and urban effects where relationships are found to exist.
Seasons: Winter=Dec-Feb, Spring=Mar-May, Summer=June-Aug, Autumn=Sept-Nov. (Winter: Year refers to Jan/Feb).
Monthly values are ranked and displayed to 1 dp and seasonal/annual values to 2 dp. Where values are equal, rankings are based in order of year descending.
Data are provisional from January 2017 and Winter 2017.  Last updated 03/07/2017.

     JAN  Year     FEB  Year     MAR  Year     APR  Year     MAY  Year     JUN  Year     JUL  Year     AUG  Year    SEP   Year     OCT  Year     NOV  Year     DEC  Year     WIN  Year     SPR  Year     SUM  Year     AUT  Year     ANN  Year
     4.9  1916     4.2  1918     5.6  1957     6.1  2011     8.3  2008    11.0  2017    12.6  2006    13.1  1997    11.4  2006     9.6  2001     7.4  1994     6.8  2015    3.75  2016    5.56  1999   11.52  2016    8.57  2011    6.58  2014
     4.6  1921     4.0  1990     4.5  1998     5.6  1961     8.2  1999    10.9  2016    12.6  1983    12.8  1911    11.2  2016     9.4  2005     6.4  2015     5.5  1934    3.69  1989    5.50  2017   11.45  2003    8.22  2006    6.51  2006
     4.1  2007     3.9  1998     4.5  1981     5.5  1943     8.0  2017    10.4  2007    12.5  1995    12.4  1995    10.9  1949     9.4  1968     6.3  2011     5.2  1988    3.48  1975    5.34  2014   11.42  2006    7.77  2001    6.44  2011
     3.7  1975     3.9  1926     4.3  1990     5.4  2014     7.9  1964    10.3  1970    12.1  2010    12.4  1990    10.7  2011     9.3  2013     6.1  1938     5.1  1974    3.46  2007    5.25  1992   11.22  1995    7.66  2014    6.39  2004
     3.6  1990     3.7  1961     4.2  2017     5.3  2007     7.7  2014    10.2  2004    12.1  2003    12.4  1955    10.7  1958     9.2  1995     5.9  2002     4.8  1953    3.42  1935    5.22  1998   11.14  1911    7.63  1949    6.37  2007
     3.5  2008     3.5  2011     4.0  1938     5.3  1993     7.7  1992    10.2  1950    12.1  1923    12.3  2004    10.5  2004     9.0  2006     5.8  1953     4.5  1924    3.36  1943    5.14  1957   11.08  2004    7.61  1968    6.37  1999
     3.5  1983     3.4  2002     3.9  1997     5.2  2004     7.7  1952    10.1  2005    12.0  2013    12.1  2012    10.4  1956     9.0  1969     5.7  1939     4.5  1918    3.25  1923    5.11  2011   11.05  1997    7.58  1978    6.32  2002
     3.4  1944     3.4  1946     3.9  1994     5.2  1949     7.6  1998    10.1  2003    12.0  1991    12.1  2008    10.3  1998     8.8  2011     5.6  2009     4.4  1942    3.12  1925    5.09  1959   11.01  1955    7.45  2009    6.32  1998
     3.3  2005     3.4  1945     3.8  2012     5.1  1937     7.5  2011    10.1  1976    11.8  2016    12.1  2003    10.2  2000     8.5  2014     5.6  1997     4.2  1954    3.09  2014    5.07  1952   10.99  1983    7.44  2004    6.27  2005
     3.3  1989     3.3  2017     3.8  1991     5.0  1999     7.5  1911    10.1  1966    11.8  1989    12.1  1975    10.2  1980     8.5  1954     5.4  1946     4.0  1971    2.97  1990    5.02  1945   10.90  2009    7.37  1994    6.24  2016
     3.2  1932     3.3  1914     3.7  1992     5.0  1987     7.4  2016    10.0  2006    11.8  1934    12.0  1932    10.2  1941     8.3  1990     5.2  2004     3.8  1912    2.93  1998    5.00  2007   10.82  1976    7.35  2013    6.24  1949
     3.1  1976     3.2  1995     3.7  1959     5.0  1945     7.4  1970    10.0  1982    11.7  1999    11.9  2016    10.1  2005     8.2  1977     5.2  1978     3.8  1911    2.84  2017    4.94  1961   10.82  1947    7.35  1938    6.23  1990
     3.0  1938     3.2  1923     3.7  1912     5.0  1944     7.4  1919     9.8  1960    11.7  1976    11.8  1947    10.1  1999     8.1  1978     5.2  1917     3.7  2006    2.81  1916    4.80  2002   10.81  2013    7.34  2005    6.17  1997
     3.0  1923     3.1  2014     3.6  2005     4.7  1959     7.3  1989     9.7  2000    11.7  1975    11.7  2013    10.1  1985     8.1  1949     5.1  1951     3.7  1910    2.80  1995    4.79  2008   10.79  2012    7.34  1995    6.02  1994
     2.9  2012     3.0  1997     3.6  1948     4.6  2003     7.3  1960     9.7  1998    11.7  1926    11.7  1984    10.1  1961     8.1  1921     5.0  1913     3.6  2011    2.65  2012    4.77  2005   10.78  2008    7.29  1958    6.00  2015
     2.9  1925     3.0  1966     3.5  1999     4.5  2005     7.2  1953     9.7  1963    11.7  1921    11.6  2009    10.0  1970     8.0  1996     4.9  2014     3.6  1994    2.58  1937    4.73  2003   10.78  1975    7.27  1913    6.00  2000
     2.8  2016     3.0  1943     3.5  1961     4.5  1920     7.2  1947     9.7  1910    11.6  2009    11.6  2006    10.0  1951     8.0  1989     4.9  1982     3.6  1921    2.55  2005    4.73  1981   10.76  1990    7.25  1945    5.99  1945
     2.8  2014     2.8  2000     3.5  1927     4.4  2009     7.1  2006     9.6  2014    11.6  2005    11.5  1942     9.9  1945     8.0  1959     4.9  1970     3.5  1985    2.55  1921    4.72  1993   10.75  1933    7.22  1970    5.98  1989
     2.8  1974     2.8  1937     3.4  2002     4.4  1955     7.0  2003     9.6  2012    11.6  1957    11.5  1933     9.9  1926     7.7  1945     4.8  2003     3.5  1977    2.54  1920    4.69  1912   10.70  2005    7.22  1946    5.98  1957
     2.8  1949     2.8  1920     3.4  1950     4.4  1946     7.0  2002     9.6  1947    11.5  2014    11.4  2001     9.8  1947     7.5  2009     4.8  1948     3.5  1922    2.46  1949    4.68  1997   10.61  1949    7.14  1997    5.97  1995
     2.7  2002     2.7  1980     3.4  1945     4.4  1926     6.9  2009     9.6  1940    11.5  1949    11.3  1973     9.8  1946     7.5  1916     4.7  1963     3.4  2016    2.43  1957    4.67  1920   10.60  1982    7.14  1984    5.95  1911
     2.7  1993     2.7  1928     3.4  1921     4.4  1914     6.9  2007     9.5  1935    11.5  1944    11.2  2002     9.8  1936     7.4  1971     4.7  1931     3.4  2013    2.40  1976    4.66  1960   10.57  2010    7.11  1999    5.94  2008
     2.7  1969     2.6  1935     3.3  2000     4.3  2006     6.9  2001     9.4  2009    11.5  1933    11.2  1999     9.7  1953     7.3  1984     4.6  2008     3.3  2002    2.34  1999    4.65  2004   10.51  2014    7.04  1951    5.94  1959
     2.6  1988     2.5  2007     3.3  1977     4.3  1992     6.9  1959     9.4  1993    11.5  1911    11.2  1983     9.7  1917     7.3  1963     4.6  1928     3.3  1956    2.34  1988    4.63  2009   10.51  1932    7.02  2007    5.93  1921
     2.6  1943     2.5  1989     3.3  1967     4.3  1957     6.7  2000     9.4  1992    11.4  2008    11.2  1969     9.6  1997     7.3  1958     4.5  2007     3.2  1941    2.34  1913    4.63  1943   10.49  2007    7.02  1953    5.89  2003
     2.4  1996     2.5  1910     3.3  1952     4.3  1940     6.7  1990     9.3  2002    11.4  1952    11.2  1959     9.6  1984     7.3  1913     4.5  1999     3.1  2004    2.33  1911    4.56  1990   10.46  2001    7.00  1954    5.89  1938
     2.4  1948     2.4  1999     3.3  1936     4.2  2017     6.7  1945     9.3  1997    11.3  1992    11.2  1944     9.6  1973     7.2  1979     4.5  1984     3.1  1972    2.29  1974    4.50  1991   10.45  1999    6.99  1948    5.88  2009
     2.3  2004     2.4  1993     3.1  1989     4.2  1964     6.7  1924     9.3  1988    11.3  1955    11.2  1939     9.6  1948     7.2  1967     4.5  1981     3.1  1949    2.29  1948    4.45  1994   10.45  1970    6.95  1989    5.83  1983
     2.3  1999     2.4  1992     3.1  1988     4.2  1963     6.7  1920     9.3  1986    11.3  1935    11.2  1926     9.6  1929     7.2  1957     4.4  1983     3.0  2000    2.28  2008    4.43  2012   10.44  1959    6.92  2002    5.83  1948
     2.3  1957     2.2  1977     3.0  2014     4.2  1942     6.7  1918     9.3  1968    11.2  1932    11.2  1918     9.5  2014     7.2  1938     4.4  1964     3.0  1986    2.27  1950    4.43  1950   10.43  1944    6.89  1959    5.79  1953
     2.3  1937     2.2  1939     3.0  1983     4.1  1997     6.7  1912     9.3  1955    11.1  2001    11.1  2000     9.5  2013     7.2  1910     4.3  1992     3.0  1983    2.24  1967    4.40  1964   10.43  1935    6.85  1998    5.78  2012
     2.3  1926     2.1  1950     2.9  1966     4.1  1985     6.6  1976     9.3  1931    11.0  1998    11.1  1991     9.5  2007     7.1  1930     4.3  1959     3.0  1966    2.23  1914    4.34  2000   10.42  2000    6.83  1983    5.78  1943
     2.2  1927     2.0  1974     2.9  1926     4.1  1952     6.6  1940     9.2  2010    11.0  1994    11.1  1958     9.5  2001     7.0  2007     4.3  1947     3.0  1955    2.22  1973    4.32  1927   10.41  1950    6.82  1941    5.76  1988
     2.2  1924     2.0  1958     2.9  1923     4.0  2002     6.6  1933     9.2  1959    11.0  1985    11.1  1949     9.5  1983     6.9  1998     4.2  2006     3.0  1945    2.22  1972    4.30  1988   10.40  1998    6.81  1982    5.70  1913
     2.1  1998     2.0  1949     2.8  2007     4.0  1995     6.6  1925     9.2  1941    11.0  1982    11.0  1989     9.5  1981     6.9  1985     4.2  2001     3.0  1932    2.17  2000    4.30  1940   10.38  2002    6.80  1969    5.68  1992
     2.1  1994     2.0  1938     2.8  1960     4.0  1972     6.6  1922     9.2  1936    11.0  1947    11.0  1971     9.5  1968     6.9  1965     4.2  1945     3.0  1931    2.16  1926    4.29  1933   10.37  1992    6.78  2015    5.65  1961
     2.1  1973     2.0  1912     2.8  1920     4.0  1930     6.6  1917     9.2  1933    11.0  1945    11.0  1953     9.5  1913     6.9  1961     4.1  1995     3.0  1929    2.14  1922    4.27  2006   10.37  1989    6.77  1961    5.64  2001
     2.1  1930     1.9  1967     2.7  1993     3.9  1947     6.5  2012     9.1  1983    11.0  1927    11.0  1917     9.4  2010     6.9  1934     4.1  1986     2.9  1997    2.13  2002    4.19  1939   10.36  1952    6.76  2000    5.62  1975
     2.0  1935     1.8  1982     2.7  1978     3.8  1975     6.5  2004     9.1  1949    11.0  1912    11.0  1916     9.4  1978     6.8  1999     4.1  1940     2.9  1987    2.10  1946    4.18  1914   10.35  1957    6.76  1947    5.62  1920
     2.0  1928     1.8  1925     2.6  2003     3.8  1960     6.5  1981     9.1  1945    10.9  1990    11.0  1914     9.4  1955     6.8  1970     4.0  1920     2.9  1959    2.09  1912    4.15  1967   10.28  1953    6.75  2016    5.60  1971
     2.0  1920     1.7  1957     2.6  1939     3.8  1913     6.5  1973     9.1  1934    10.9  1971    10.9  1981     9.4  1930     6.7  2004     3.9  2000     2.9  1947    2.05  1932    4.15  1911   10.27  1984    6.73  1963    5.60  1926
     1.9  2017     1.7  1911     2.6  1933     3.7  1996     6.5  1965     9.1  1911    10.9  1967    10.9  1980     9.3  1989     6.7  1986     3.9  1987     2.9  1913    1.98  1993    4.14  1926   10.25  1945    6.69  1916    5.58  2013
     1.9  1971     1.6  2004     2.5  2009     3.7  1939     6.5  1950     9.0  1984    10.9  1959    10.9  1957     9.3  1969     6.7  1942     3.9  1958     2.8  1975    1.94  2004    4.12  1989   10.25  1936    6.65  1977    5.57  1939
     1.9  1968     1.6  1948     2.5  2008     3.7  1933     6.5  1937     9.0  1973    10.9  1953    10.9  1952     9.3  1939     6.7  1941     3.9  1954     2.8  1919    1.89  1939    4.10  1948   10.25  1923    6.62  1990    5.57  1934
     1.8  2015     1.6  1921     2.5  1943     3.7  1931     6.4  2015     9.0  1964    10.9  1941    10.9  1943     9.3  1933     6.7  1920     3.8  1968     2.7  1979    1.84  1938    4.09  1966   10.22  1991    6.58  1956    5.56  1967
     1.8  1981     1.5  2016     2.5  1914     3.7  1928     6.4  1986     9.0  1943    10.9  1937    10.9  1937     9.2  2009     6.6  2016     3.8  1960     2.7  1951    1.80  2003    4.07  2016   10.22  1934    6.55  1924    5.54  1982
     1.8  1967     1.5  1962     2.4  1910     3.6  2008     6.4  1954     9.0  1920    10.9  1925    10.9  1936     9.2  1971     6.6  1988     3.8  1949     2.7  1936    1.79  1966    4.05  1963   10.22  1926    6.53  1930    5.54  1966
     1.8  1913     1.5  1959     2.3  2004     3.6  1991     6.4  1910     8.9  1990    10.8  2015    10.8  1996     9.2  1967     6.6  1983     3.8  1924     2.5  1993    1.79  1954    4.02  1938   10.21  1973    6.52  1957    5.54  1914
     1.7  2000     1.5  1922     2.3  1954     3.6  1988     6.2  2005     8.9  1980    10.8  1969    10.8  1982     9.2  1942     6.6  1948     3.7  1943     2.5  1980    1.76  1992    4.00  1949   10.21  1921    6.49  1971    5.54  1910
     1.6  1995     1.4  2009     2.3  1935     3.6  1948     6.2  1993     8.9  1965    10.8  1956    10.8  1927     9.2  1934     6.6  1928     3.7  1932     2.5  1948    1.76  1944    3.99  2015   10.15  1914    6.47  1934    5.49  1958
     1.6  1950     1.4  1988     2.2  1963     3.6  1935     6.2  1988     8.9  1954    10.7  2012    10.8  1925     9.2  1924     6.6  1924     3.7  1912     2.5  1915    1.75  1918    3.98  1910   10.14  1994    6.45  2008    5.49  1918
     1.6  1915     1.4  1975     2.2  1956     3.6  1927     6.2  1969     8.9  1953    10.7  2007    10.8  1910     9.1  1991     6.5  1946     3.6  1991     2.4  2014    1.69  1994    3.96  1913   10.12  1958    6.44  1939    5.48  1970
     1.5  2013     1.4  1973     2.2  1928     3.6  1912     6.2  1958     8.9  1938    10.7  2004    10.7  1987     9.1  1982     6.5  1927     3.6  1980     2.3  1998    1.63  1961    3.93  1921   10.12  1943    6.42  1996    5.48  1954
     1.5  2003     1.3  2012     2.2  1913     3.5  2015     6.2  1939     8.8  2001    10.7  1997    10.7  1976     9.1  1966     6.5  1925     3.6  1979     2.3  1984    1.59  2015    3.90  1972   10.12  1910    6.37  1979    5.46  1935
     1.5  1939     1.3  1976     2.1  2015     3.5  1980     6.1  1991     8.8  1948    10.7  1987    10.7  1970     9.1  1935     6.5  1923     3.6  1956     2.2  1991    1.57  1928    3.90  1928   10.11  1939    6.33  1991    5.45  1950
     1.4  2006     1.3  1972     2.1  1972     3.5  1967     6.1  1956     8.8  1930    10.7  1977    10.7  1968     9.0  1987     6.5  1914     3.5  1990     2.1  2007    1.53  1971    3.85  1942   10.11  1937    6.28  1980    5.44  1977
     1.4  1918     1.2  1964     2.0  1968     3.5  1966     6.1  1936     8.8  1924    10.7  1964    10.7  1945     9.0  1957     6.4  2015     3.5  1989     2.1  1999    1.52  1960    3.83  1937   10.08  1981    6.28  1920    5.44  1944
     1.4  1911     1.2  1913     1.9  1940     3.5  1923     6.0  1997     8.7  2008    10.7  1958    10.7  1938     9.0  1916     6.4  1982     3.5  1974     2.0  2012    1.52  1930    3.82  2001   10.08  1917    6.27  1917    5.43  1960
     1.3  1972     1.1  2008     1.8  2011     3.5  1915     6.0  1995     8.7  1994    10.7  1951    10.6  2015     8.9  1992     6.4  1976     3.5  1941     2.0  2005    1.50  1927    3.81  1936   10.07  1941    6.25  1928    5.42  1973
     1.3  1951     1.1  2005     1.8  1982     3.4  1998     6.0  1994     8.7  1981    10.7  1950    10.6  1994     8.9  1964     6.4  1943     3.5  1916     2.0  1973    1.49  1980    3.78  1944   10.06  1925    6.24  1929    5.41  1976
     1.3  1934     1.1  1971     1.8  1942     3.4  1994     6.0  1978     8.7  1952    10.6  1986    10.6  1967     8.9  1950     6.3  1991     3.4  1998     2.0  1938    1.48  1919    3.77  1977   10.03  2015    6.20  1921    5.40  1923
     1.2  1962     1.1  1931     1.8  1911     3.4  1982     6.0  1943     8.7  1917    10.6  1981    10.6  1948     8.9  1911     6.3  1972     3.4  1973     1.9  2003    1.46  2006    3.77  1930   10.03  1969    6.19  1960    5.39  1978
     1.2  1960     1.0  1953     1.7  2016     3.4  1950     6.0  1931     8.7  1914    10.6  1948    10.5  2011     8.8  2002     6.3  1950     3.4  1957     1.9  1965    1.46  1924    3.76  1923   10.03  1967    6.16  1967    5.38  1928
     1.2  1956     0.9  2006     1.7  1918     3.3  1965     6.0  1913     8.6  2015    10.6  1936    10.5  1998     8.8  1988     6.3  1933     3.4  1955     1.9  1930    1.44  1984    3.75  1954   10.00  1948    6.14  1987    5.37  1984
     1.2  1922     0.9  1916     1.5  1971     3.2  2010     5.9  1985     8.6  2013    10.6  1914    10.5  1961     8.8  1977     6.2  2000     3.4  1944     1.8  1967    1.44  1978    3.75  1947    9.99  1960    6.14  1973    5.37  1974
     1.2  1910     0.8  1944     1.5  1930     3.2  2001     5.9  1971     8.6  1995    10.5  2002    10.5  1940     8.8  1938     6.2  1997     3.3  1961     1.8  1958    1.43  1958    3.74  1995    9.97  1968    6.14  1943    5.37  1937
     0.9  1978     0.8  1927     1.4  2006     3.2  1981     5.9  1966     8.6  1939    10.5  1996    10.5  1935     8.7  2008     6.2  1994     3.3  1934     1.8  1923    1.42  1981    3.70  1987    9.95  1966    6.11  1981    5.37  1924
     0.9  1970     0.6  1915     1.4  2001     3.2  1979     5.8  1938     8.6  1912    10.5  1979    10.5  1921     8.7  1995     6.2  1966     3.3  1929     1.5  1970    1.34  2001    3.70  1925    9.93  1971    6.11  1927    5.36  1930
     0.9  1964     0.5  2015     1.4  1996     3.2  1971     5.8  1930     8.5  1979    10.5  1917    10.5  1915     8.7  1932     6.2  1960     3.3  1927     1.5  1957    1.27  1983    3.64  1978    9.92  1988    6.10  1935    5.34  1993
     0.9  1958     0.5  2003     1.4  1974     3.2  1916     5.8  1928     8.5  1974    10.4  2000    10.4  2014     8.6  1994     6.2  1947     3.2  2013     1.5  1944    1.26  2013    3.62  1982    9.92  1940    6.10  1911    5.34  1927
     0.9  1953     0.5  2001     1.4  1949     3.2  1910     5.8  1927     8.5  1967    10.4  1993    10.4  2010     8.6  1954     6.2  1937     3.2  1935     1.5  1940    1.26  1915    3.60  1918    9.91  1964    6.07  1936    5.33  1991
     0.8  1986     0.5  1960     1.4  1925     3.1  2016     5.8  1916     8.5  1961    10.4  1988    10.4  2007     8.6  1937     6.2  1911     3.2  1911     1.5  1926    1.22  1931    3.58  1985    9.91  1942    6.02  1955    5.33  1936
     0.8  1984     0.5  1951     1.3  1975     3.1  1976     5.7  1983     8.5  1958    10.4  1974    10.4  2005     8.5  2003     6.1  2010     3.1  2012     1.5  1914    1.10  1952    3.57  1983    9.89  1930    6.01  1933    5.32  1946
     0.8  1936     0.4  1984     1.3  1973     3.1  1934     5.7  1982     8.5  1957    10.4  1943    10.4  1992     8.5  1996     6.1  2008     3.1  1972     1.4  1989    0.97  1955    3.57  1935    9.88  1987    6.01  1914    5.31  1932
     0.7  1992     0.4  1933     1.2  2010     3.1  1911     5.7  1963     8.5  1951    10.4  1939    10.4  1930     8.5  1976     6.1  2002     3.1  1914     1.4  1978    0.90  1953    3.54  1965    9.85  1931    6.00  1985    5.30  1968
     0.7  1954     0.3  2013     1.2  1995     3.0  2000     5.7  1961     8.5  1944    10.4  1931    10.4  1923     8.5  1962     6.0  1962     3.0  1977     1.4  1920    0.89  1959    3.53  1971    9.81  1980    5.98  1976    5.28  1964
     0.7  1931     0.3  1994     1.2  1986     3.0  1977     5.7  1934     8.5  1937    10.4  1930    10.4  1919     8.5  1960     6.0  1951     3.0  1976     1.3  1982    0.88  1933    3.52  1976    9.81  1963    5.97  1964    5.27  1951
     0.7  1919     0.3  1952     1.2  1984     3.0  1974     5.6  1974     8.4  2011    10.4  1928    10.3  1985     8.5  1927     6.0  1935     3.0  1975     1.2  1990    0.85  1945    3.52  1953    9.81  1927    5.96  2003    5.27  1912
     0.6  1965     0.3  1940     1.2  1980     3.0  1925     5.6  1972     8.4  1999    10.3  1973    10.3  1950     8.4  1979     5.9  2012     3.0  1930     1.0  1943    0.84  1968    3.51  1946    9.79  1996    5.90  1966    5.23  1947
     0.6  1961     0.3  1924     1.2  1922     2.9  2012     5.6  1967     8.4  1978    10.3  1972    10.3  1928     8.4  1921     5.9  1975     2.9  1971     0.9  1992    0.72  1997    3.46  1956    9.78  1951    5.90  1942    5.22  1981
     0.6  1914     0.1  1941     1.1  1964     2.9  1962     5.6  1942     8.4  1975    10.3  1970    10.2  1978     8.4  1914     5.9  1940     2.8  1936     0.8  1960    0.69  1962    3.41  1973    9.76  1938    5.90  1940    5.22  1980
     0.5  1966     0.0  1987     1.1  1941     2.9  1921     5.6  1932     8.4  1925    10.3  1946    10.2  1913     8.3  2012     5.9  1929     2.7  1996     0.8  1952    0.60  1964    3.38  1970    9.64  1993    5.89  1950    5.19  1916
     0.5  1912    -0.1  1936     1.0  1944     2.8  1984     5.6  1929     8.4  1921    10.2  1960    10.1  1977     8.3  1959     5.8  1956     2.6  1922     0.8  1939    0.53  2009    3.35  1974    9.64  1985    5.79  1932    5.16  1952
     0.4  2001    -0.1  1934     1.0  1915     2.7  1990     5.6  1914     8.4  1919    10.2  1942    10.1  1951     8.3  1943     5.8  1918     2.5  2016     0.8  1928    0.49  1987    3.35  1915    9.64  1961    5.78  2012    5.15  1955
     0.3  2011    -0.2  1981     0.9  1987     2.6  2013     5.5  1915     8.4  1913    10.1  1984    10.1  1941     8.3  1915     5.7  1953     2.5  1966     0.7  1968    0.47  1969    3.33  1980    9.63  1986    5.75  2010    5.13  1933
     0.3  1952    -0.2  1978     0.9  1979     2.6  1968     5.4  2010     8.3  1989    10.1  1966    10.0  1988     8.2  1975     5.7  1944     2.5  1962     0.5  1946    0.43  1977    3.27  2010    9.60  1979    5.73  1992    5.07  1987
     0.1  1991    -0.2  1970     0.9  1946     2.6  1958     5.4  1962     8.3  1915    10.1  1924    10.0  1965     8.2  1963     5.6  1987     2.5  1950     0.5  1937    0.42  1996    3.26  1975    9.58  2011    5.69  1975    5.07  1931
     0.1  1982    -0.2  1932     0.9  1934     2.5  1970     5.4  1957     8.2  1956    10.0  1962    10.0  1964     8.2  1918     5.6  1952     2.4  2005     0.4  2008    0.38  1936    3.22  1934    9.56  1924    5.69  1962    5.06  1925
     0.1  1955    -0.3  1954     0.8  1985     2.5  1969     5.4  1949     8.2  1932    10.0  1920    10.0  1963     8.2  1910     5.6  1936     2.4  1933     0.4  2001    0.36  1951    3.19  1931    9.54  1928    5.66  1988    5.05  1969
     0.0  1946    -0.4  1965     0.8  1976     2.5  1954     5.4  1921     8.2  1923    10.0  1916    10.0  1962     8.1  1920     5.4  1973     2.4  1918     0.4  1964    0.35  1970    3.19  1919    9.53  1974    5.66  1937    5.03  1942
    -0.1  1977    -0.6  2010     0.8  1965     2.5  1953     5.3  1980     8.1  1987     9.9  2011    10.0  1929     8.0  1990     5.3  1955     2.2  1937     0.4  1935    0.32  1986    3.16  1968    9.53  1954    5.61  1931    5.01  1972
    -0.2  2009    -0.6  1985     0.8  1953     2.4  1973     5.3  1944     8.0  1996     9.9  1978     9.9  1960     8.0  1919     5.3  1915     2.2  1926     0.4  1925    0.27  1956    3.03  1986    9.52  1978    5.57  1986    4.96  1956
    -0.4  1947    -0.7  1930     0.6  1951     2.4  1932     5.2  2013     8.0  1969     9.9  1968     9.9  1954     7.9  1922     5.1  1980     2.1  1969     0.3  1969    0.20  1965    3.03  1916    9.51  1918    5.56  1944    4.96  1941
    -0.6  1997    -0.9  1996     0.4  1932     2.4  1919     5.2  1987     8.0  1942     9.9  1961     9.8  1979     7.8  1940     5.0  1932     2.1  1921     0.2  2009   -0.03  1942    3.00  1996    9.51  1913    5.55  1910    4.94  1996
    -0.6  1959    -1.1  1919     0.4  1929     2.4  1918     5.2  1955     8.0  1922     9.9  1929     9.8  1931     7.8  1923     4.7  1964     2.0  1967     0.1  1927   -0.08  1934    2.97  1958    9.49  1915    5.46  1918    4.89  1985
    -0.7  1942    -1.2  1983     0.2  1970     2.3  1941     5.2  1951     7.9  1971     9.9  1913     9.7  1974     7.7  1993     4.6  2003     1.8  1952     0.0  1996   -0.12  2011    2.94  1969    9.46  1977    5.44  1926    4.85  1940
    -0.8  1933    -1.4  1968     0.2  1947     2.2  1978     5.2  1946     7.9  1962     9.8  1954     9.7  1934     7.7  1944     4.6  1931     1.8  1942    -0.1  1917   -0.12  1982    2.94  1924    9.44  1965    5.35  1965    4.79  1965
    -0.8  1929    -1.6  1979     0.1  1916     2.2  1951     5.1  1948     7.9  1928     9.8  1918     9.7  1924     7.6  1974     4.4  1981     1.7  2010    -0.3  1995   -0.15  1991    2.93  1955    9.44  1920    5.31  1972    4.70  1915
    -0.8  1917    -1.7  1955     0.0  1969     2.2  1938     5.1  1926     7.8  1946     9.8  1910     9.6  1972     7.6  1965     4.4  1974     1.7  1993    -0.3  1963   -0.16  1985    2.91  1922    9.41  1956    5.19  1974    4.64  1922
    -0.9  1980    -2.0  1991     0.0  1958     2.2  1924     4.9  1977     7.6  1926     9.7  1980     9.6  1966     7.6  1931     4.4  1939     1.6  1988    -0.4  1962   -0.20  1941    2.86  1984    9.40  1912    4.93  1922    4.62  1986
    -1.6  1987    -2.1  1929    -0.1  1937     2.1  1956     4.9  1968     7.5  1985     9.7  1963     9.6  1946     7.5  2015     4.4  1922     1.5  1965    -0.5  1976   -0.65  1929    2.84  1979    9.33  1916    4.90  1923    4.59  1979
    -1.7  2010    -2.2  1969    -0.1  1931     2.1  1929     4.9  1923     7.5  1977     9.7  1938     9.3  1920     7.5  1928     4.2  1926     1.2  1910    -0.6  1961   -0.69  2010    2.82  1932    9.32  1962    4.82  1912    4.56  1929
    -2.2  1945    -2.5  1917    -0.1  1924     2.0  1983     4.8  1935     7.5  1927     9.7  1915     9.2  1956     7.4  1925     4.1  1992     1.0  1985    -0.7  1950   -0.99  1979    2.72  1929    9.31  1919    4.70  1952    4.51  1962
    -2.2  1941    -2.9  1942    -0.2  1919     2.0  1936     4.7  1975     7.5  1918     9.6  1940     9.1  1993     6.9  1912     3.9  1993     0.4  1923    -0.8  1916   -1.02  1940    2.68  1951    9.25  1946    4.70  1925    4.45  1917
    -2.3  1985    -3.6  1956    -0.4  1917     1.9  1989     4.6  1984     7.4  1991     9.4  1965     8.9  1986     6.7  1952     3.9  1919     0.1  1925    -1.4  1933   -1.32  1917    2.48  1941    9.11  1929    4.40  1993    4.41  2010
    -2.9  1979    -3.8  1986    -0.7  2013     1.4  1986     4.5  1979     7.3  1929     9.1  1919     8.8  1922     6.5  1972     3.9  1917     0.1  1919    -2.1  1981   -1.34  1947    2.42  1917    8.91  1972    4.25  1915    4.41  1963
    -4.0  1940    -4.0  1963    -0.8  1955     1.1  1917     4.1  1941     6.9  1916     8.9  1922     8.5  1912     5.9  1986     3.9  1912    -0.8  1915    -3.8  2010   -3.16  1963    2.36  2013    8.57  1922    3.99  1919    4.36  1919
    -5.2  1963    -4.4  1947    -1.7  1962     0.9  1922     3.9  1996     6.7  1972                                                                                                      2.22  1962
